2 0.52983 0.472917 0.0767045 0.0708333
0 0.980114 0.6 0.0227273 0.0916667
2 0.703125 0.3875 0.03125 0.0333333
0 0.930398 0.591667 0.03125 0.0833333
9 0.242898 0.385417 0.0198864 0.0625
2 0.798295 0.360417 0.0227273 0.0291667
0 0.788352 0.410417 0.0142045 0.0458333
0 0.18892 0.554167 0.0255682 0.0916667
2 0.65483 0.41875 0.0426136 0.0375
2 0.714489 0.491667 0.0596591 0.0666667
9 0.211648 0.385417 0.0198864 0.0541667
2 0.886364 0.427083 0.0454545 0.0625
2 0.965909 0.441667 0.0454545 0.0666667
0 0.411932 0.627083 0.0340909 0.104167
2 0.677557 0.541667 0.0823864 0.0916667
2 0.600852 0.491667 0.0823864 0.075
2 0.507102 0.535417 0.105114 0.0791667
