2 0.238636 0.358333 0.0511364 0.0583333
2 0.669034 0.433333 0.122159 0.133333
2 0.566761 0.36875 0.0823864 0.0625
0 0.897727 0.41875 0.0227273 0.0875
2 0.329545 0.372917 0.0511364 0.0708333
0 0.928977 0.44375 0.0227273 0.0791667
1 0.237216 0.633333 0.0255682 0.0833333
2 0.988636 0.65625 0.0227273 0.0875
0 0.235795 0.595833 0.0397727 0.125
2 0.117898 0.58125 0.139205 0.179167
2 0.207386 0.43125 0.0681818 0.0791667
2 0.433239 0.441667 0.0823864 0.0833333
2 0.569602 0.460417 0.116477 0.120833
5 0.0610795 0.779167 0.122159 0.433333
2 0.473011 0.560417 0.122159 0.145833
2 0.332386 0.85625 0.215909 0.279167
2 0.84233 0.6 0.21875 0.166667
2 0.667614 0.6 0.1875 0.191667
2 0.715909 0.854167 0.340909 0.291667
