5 0.617898 0.329167 0.0653409 0.075
2 0.399148 0.347917 0.0369318 0.0458333
0 0.826705 0.404167 0.0170455 0.05
5 0.102273 0.78125 0.204545 0.420833
2 0.295455 0.38125 0.0568182 0.0708333
7 0.102273 0.783333 0.204545 0.425
0 0.919034 0.439583 0.0255682 0.0791667
2 0.514205 0.958333 0.210227 0.0833333
2 0.480114 0.40625 0.0568182 0.0708333
2 0.78125 0.63125 0.198864 0.195833
2 0.599432 0.435417 0.0795455 0.0791667
7 0.18608 0.583333 0.144886 0.183333
2 0.928977 0.622917 0.142045 0.195833
2 0.419034 0.497917 0.0767045 0.104167
2 0.663352 0.73125 0.196023 0.220833
