0 0.9375 0.697917 0.0340909 0.104167
0 0.103693 0.616667 0.03125 0.1
0 0.477273 0.666667 0.0397727 0.133333
0 0.883523 0.672917 0.0284091 0.120833
2 0.77983 0.53125 0.09375 0.1375
2 0.65483 0.414583 0.0426136 0.0375
2 0.965909 0.441667 0.0454545 0.0666667
9 0.211648 0.383333 0.0198864 0.0583333
0 0.617898 0.68125 0.0369318 0.1125
0 0.295455 0.59375 0.0340909 0.0875
2 0.721591 0.489583 0.0568182 0.0708333
2 0.660511 0.5375 0.0880682 0.0916667
2 0.887784 0.5625 0.0767045 0.108333
0 0.681818 0.654167 0.0340909 0.116667
