0 0.855114 0.654167 0.0284091 0.116667
0 0.0823864 0.6 0.0227273 0.108333
0 0.272727 0.58125 0.0284091 0.0958333
2 0.987216 0.529167 0.0255682 0.0833333
2 0.789773 0.533333 0.0852273 0.125
2 0.974432 0.439583 0.0511364 0.0708333
2 0.65483 0.414583 0.0426136 0.0375
9 0.213068 0.383333 0.0227273 0.0583333
0 0.835227 0.658333 0.0284091 0.116667
0 0.211648 0.627083 0.03125 0.0875
0 0.244318 0.589583 0.0227273 0.0875
0 0.140625 0.629167 0.03125 0.0916667
2 0.886364 0.539583 0.0681818 0.104167
2 0.545455 0.529167 0.0965909 0.1
2 0.651989 0.53125 0.0880682 0.0958333
