0 0.955966 0.589583 0.0255682 0.0875
0 0.9375 0.55625 0.0227273 0.0791667
2 0.377841 0.514583 0.0511364 0.0625
2 0.0553977 0.929167 0.110795 0.133333
0 0.880682 0.539583 0.0170455 0.0708333
2 0.112216 0.777083 0.167614 0.179167
2 0.514205 0.491667 0.0454545 0.05
2 0.580966 0.477083 0.0482955 0.0375
2 0.909091 0.920833 0.181818 0.158333
2 0.482955 0.535417 0.0568182 0.0625
2 0.348011 0.575 0.0767045 0.0916667
2 0.509943 0.797917 0.15625 0.245833
5 0.725852 0.520833 0.190341 0.166667
2 0.629261 0.641667 0.110795 0.108333
