7 0.728693 0.375 0.0482955 0.0833333
2 0.65625 0.414583 0.0454545 0.0375
2 0.974432 0.439583 0.0511364 0.0708333
0 0.261364 0.58125 0.0227273 0.0875
2 0.984375 0.525 0.03125 0.0833333
2 0.789773 0.533333 0.0852273 0.133333
0 0.181818 0.5625 0.0284091 0.0916667
0 0.309659 0.579167 0.0227273 0.0916667
9 0.213068 0.383333 0.0227273 0.0583333
0 0.242898 0.585417 0.0255682 0.0958333
2 0.690341 0.4375 0.0625 0.0583333
2 0.829545 0.44375 0.0454545 0.0541667
2 0.0397727 0.658333 0.0795455 0.141667
2 0.661932 0.522917 0.0852273 0.0875
