0 0.198864 0.541667 0.0284091 0.1
2 0.877841 0.472917 0.0511364 0.0791667
0 0.127841 0.577083 0.0284091 0.0875
9 0.211648 0.385417 0.0198864 0.0541667
2 0.964489 0.441667 0.0482955 0.0666667
2 0.75142 0.504167 0.0767045 0.0916667
2 0.833807 0.433333 0.0426136 0.05
2 0.640625 0.472917 0.0710227 0.0708333
2 0.149148 0.929167 0.292614 0.133333
0 0.170455 0.583333 0.0284091 0.075
2 0.737216 0.627083 0.110795 0.1375
2 0.879261 0.625 0.0880682 0.125
2 0.629261 0.577083 0.110795 0.1375
2 0.0397727 0.647917 0.0795455 0.1125
5 0.40767 0.56875 0.394886 0.3125
