9 0.244318 0.379167 0.0227273 0.0666667
2 0.879261 0.425 0.0369318 0.05
0 0.0355114 0.55625 0.0255682 0.0791667
2 0.965909 0.441667 0.0454545 0.0666667
0 0.225852 0.583333 0.0255682 0.0833333
2 0.732955 0.466667 0.0568182 0.0666667
9 0.211648 0.383333 0.0198864 0.0583333
0 0.27983 0.579167 0.0198864 0.0833333
2 0.526989 0.652083 0.150568 0.170833
2 0.580966 0.514583 0.0880682 0.0875
2 0.808239 0.458333 0.0482955 0.0583333
2 0.755682 0.564583 0.0795455 0.0958333
2 0.659091 0.802083 0.176136 0.2375
