2 0.424716 0.322917 0.0369318 0.0458333
2 0.296875 0.38125 0.0596591 0.0708333
2 0.384943 0.30625 0.0255682 0.0375
0 0.916193 0.425 0.0198864 0.0583333
7 0.105114 0.78125 0.210227 0.429167
5 0.105114 0.779167 0.210227 0.425
2 0.507102 0.347917 0.03125 0.0375
0 0.303977 0.68125 0.0397727 0.145833
0 0.809659 0.389583 0.0170455 0.0541667
2 0.234375 0.49375 0.0880682 0.120833
2 0.384943 0.35625 0.0426136 0.0458333
2 0.56108 0.3875 0.0653409 0.0666667
2 0.427557 0.845833 0.207386 0.3
2 0.9375 0.879167 0.125 0.225
2 0.53267 0.533333 0.110795 0.133333
2 0.653409 0.75 0.210227 0.275
2 0.893466 0.520833 0.173295 0.133333
