0 0.242898 0.575 0.0255682 0.1
2 0.808239 0.48125 0.0596591 0.0791667
0 0.269886 0.564583 0.0227273 0.0791667
2 0.890625 0.383333 0.0255682 0.0333333
2 0.448864 0.529167 0.107955 0.108333
9 0.211648 0.385417 0.0198864 0.0541667
2 0.704545 0.497917 0.0681818 0.0791667
2 0.965909 0.441667 0.0454545 0.0666667
2 0.705966 0.664583 0.133523 0.2125
2 0.136364 0.675 0.25 0.125
2 0.46733 0.65 0.15625 0.141667
2 0.365057 0.614583 0.184659 0.120833
2 0.446023 0.795833 0.232955 0.241667
2 0.90767 0.702083 0.139205 0.220833
