0 0.0497159 0.627083 0.0255682 0.0791667
2 0.46875 0.483333 0.0397727 0.05
2 0.34375 0.4625 0.0397727 0.0416667
2 0.416193 0.495833 0.0482955 0.0583333
0 0.926136 0.579167 0.0227273 0.0833333
0 0.985795 0.58125 0.0227273 0.0875
2 0.551136 0.514583 0.0568182 0.0625
2 0.180398 0.660417 0.09375 0.104167
2 0.245739 0.529167 0.0539773 0.0666667
2 0.447443 0.577083 0.0710227 0.0791667
2 0.359375 0.633333 0.0823864 0.1
2 0.0625 0.927083 0.125 0.1375
2 0.122159 0.75 0.153409 0.183333
2 0.690341 0.597917 0.113636 0.104167
