0 0.308239 0.5875 0.0198864 0.108333
0 0.663352 0.68125 0.0426136 0.129167
2 0.528409 0.477083 0.0795455 0.0791667
0 0.0653409 0.59375 0.0284091 0.0791667
0 0.62358 0.63125 0.0369318 0.1125
2 0.65483 0.416667 0.0426136 0.0416667
2 0.713068 0.489583 0.0568182 0.0708333
0 0.776989 0.585417 0.0369318 0.104167
0 0.34517 0.61875 0.03125 0.0875
9 0.211648 0.385417 0.0198864 0.0541667
2 0.965909 0.441667 0.0454545 0.0666667
2 0.600852 0.491667 0.0823864 0.075
2 0.509943 0.533333 0.105114 0.0833333
2 0.676136 0.539583 0.0852273 0.0958333
0 0.25 0.6125 0.0340909 0.1
2 0.0667614 0.941667 0.133523 0.108333
2 0.859375 0.841667 0.28125 0.208333
2 0.137784 0.814583 0.275568 0.2375
