2 0.887784 0.4875 0.0596591 0.1
0 0.0696023 0.6 0.0198864 0.075
0 0.982955 0.679167 0.0340909 0.108333
0 0.159091 0.622917 0.0227273 0.0958333
2 0.965909 0.441667 0.0454545 0.0666667
9 0.211648 0.385417 0.0198864 0.0541667
2 0.65625 0.545833 0.0909091 0.108333
2 0.767045 0.545833 0.0852273 0.1
0 0.0994318 0.583333 0.0227273 0.0833333
0 0.494318 0.627083 0.0284091 0.0875
2 0.875 0.560417 0.0738636 0.104167
2 0.46733 0.53125 0.105114 0.0875
2 0.0909091 0.808333 0.181818 0.183333
2 0.578125 0.808333 0.338068 0.2
