2 0.384943 0.310417 0.03125 0.0625
0 0.299716 0.525 0.03125 0.0916667
5 0.433239 0.302083 0.0426136 0.0708333
2 0.600852 0.320833 0.0482955 0.0583333
2 0.553977 0.33125 0.0454545 0.0375
2 0.325284 0.33125 0.0369318 0.0458333
2 0.644886 0.416667 0.113636 0.116667
5 0.475852 0.29375 0.0482955 0.0625
2 0.504261 0.335417 0.0369318 0.0375
2 0.460227 0.366667 0.0454545 0.05
2 0.826705 0.3625 0.0625 0.05
2 0.208807 0.54375 0.122159 0.129167
2 0.112216 0.745833 0.224432 0.316667
5 0.71733 0.36875 0.144886 0.1375
7 0.715909 0.729167 0.386364 0.533333
5 0.492898 0.452083 0.110795 0.1625
