0 0.960227 0.958333 0.0738636 0.0833333
2 0.515625 0.333333 0.0426136 0.05
2 0.323864 0.375 0.0511364 0.0666667
0 0.56108 0.925 0.0653409 0.141667
0 0.117898 0.397917 0.0255682 0.0875
0 0.896307 0.414583 0.0255682 0.0708333
5 0.0610795 0.777083 0.122159 0.429167
2 0.475852 0.35625 0.0482955 0.0541667
0 0.365057 0.604167 0.0539773 0.108333
0 0.335227 0.902083 0.0625 0.195833
0 0.852273 0.91875 0.0681818 0.1625
5 0.613636 0.322917 0.119318 0.1125
2 0.117898 0.58125 0.139205 0.179167
1 0.367898 0.65 0.0767045 0.1
