0 0.0866477 0.558333 0.0369318 0.1
2 0.37358 0.410417 0.0482955 0.0625
7 0.177557 0.5625 0.167614 0.275
2 0.399148 0.460417 0.0710227 0.0875
2 0.450284 0.375 0.0426136 0.05
0 0.823864 0.385417 0.0170455 0.0708333
2 0.450284 0.954167 0.173295 0.0916667
2 0.441761 0.875 0.201705 0.25
0 0.0369318 0.525 0.0284091 0.0916667
0 0.900568 0.4 0.0227273 0.075
2 0.285511 0.416667 0.0482955 0.0583333
7 0.112216 0.722917 0.21875 0.304167
2 0.588068 0.414583 0.0852273 0.0875
2 0.477273 0.435417 0.0568182 0.0708333
2 0.863636 0.9125 0.272727 0.175
2 0.426136 0.554167 0.107955 0.133333
2 0.715909 0.533333 0.142045 0.141667
