2 0.974432 0.439583 0.0511364 0.0708333
2 0.795455 0.50625 0.0681818 0.0958333
2 0.65483 0.408333 0.0426136 0.05
2 0.828125 0.364583 0.0255682 0.0291667
0 0.238636 0.591667 0.0284091 0.0916667
3 0.284091 0.68125 0.0625 0.0875
2 0.786932 0.383333 0.0284091 0.0333333
9 0.214489 0.383333 0.0198864 0.0583333
2 0.928977 0.94375 0.142045 0.1125
0 0.286932 0.645833 0.0340909 0.1
2 0.744318 0.422917 0.0454545 0.0458333
2 0.511364 0.929167 0.238636 0.141667
2 0.732955 0.477083 0.0568182 0.0625
2 0.622159 0.566667 0.107955 0.125
2 0.115057 0.670833 0.230114 0.125
