2 0.653409 0.41875 0.0397727 0.0375
0 0.289773 0.645833 0.0340909 0.0833333
3 0.291193 0.670833 0.0653409 0.0666667
2 0.965909 0.441667 0.0454545 0.0666667
2 0.887784 0.4875 0.0596591 0.1
1 0.291193 0.672917 0.0653409 0.0625
2 0.768466 0.545833 0.0823864 0.1
0 0.15625 0.627083 0.0227273 0.0875
9 0.211648 0.385417 0.0198864 0.0541667
0 0.132102 0.627083 0.0255682 0.0875
2 0.65625 0.545833 0.0909091 0.108333
0 0.0951705 0.591667 0.0198864 0.0833333
0 0.0525568 0.64375 0.0255682 0.120833
0 0.18892 0.625 0.0198864 0.0916667
2 0.46733 0.529167 0.105114 0.0916667
2 0.872159 0.583333 0.0795455 0.116667
