0 0.09375 0.633333 0.0284091 0.0916667
2 0.974432 0.441667 0.0511364 0.075
7 0.791193 0.520833 0.09375 0.158333
2 0.65483 0.4125 0.0426136 0.0416667
0 0.278409 0.575 0.0227273 0.1
7 0.738636 0.372917 0.0738636 0.0875
9 0.244318 0.383333 0.0227273 0.0583333
2 0.985795 0.579167 0.0284091 0.1
0 0.934659 0.691667 0.0454545 0.125
9 0.214489 0.383333 0.0198864 0.0583333
0 0.140625 0.6375 0.0255682 0.0833333
0 0.244318 0.591667 0.0227273 0.0833333
2 0.884943 0.541667 0.0710227 0.108333
2 0.545455 0.529167 0.0965909 0.1
2 0.651989 0.53125 0.0880682 0.0958333
