9 0.244318 0.38125 0.0227273 0.0541667
2 0.795455 0.40625 0.0340909 0.0375
0 0.112216 0.575 0.0198864 0.0916667
0 0.534091 0.508333 0.0227273 0.0666667
0 0.173295 0.610417 0.0227273 0.0958333
9 0.213068 0.383333 0.0227273 0.0583333
2 0.848011 0.40625 0.0369318 0.0541667
2 0.75142 0.43125 0.0482955 0.0541667
2 0.795455 0.495833 0.0681818 0.075
2 0.901989 0.845833 0.173295 0.308333
2 0.289773 0.629167 0.176136 0.125
2 0.6875 0.708333 0.159091 0.208333
2 0.667614 0.533333 0.0909091 0.1
2 0.115057 0.88125 0.230114 0.229167
