0 0.951705 0.422917 0.0227273 0.0791667
2 0.389205 0.34375 0.0454545 0.0458333
0 0.103693 0.916667 0.0710227 0.166667
0 0.920455 0.429167 0.0227273 0.075
2 0.164773 0.483333 0.102273 0.125
0 0.96733 0.447917 0.0255682 0.0958333
5 0.0596591 0.777083 0.119318 0.4375
2 0.339489 0.40625 0.0653409 0.0791667
2 0.546875 0.416667 0.105114 0.1
2 0.47017 0.464583 0.0994318 0.120833
2 0.892045 0.8625 0.210227 0.266667
2 0.34233 0.704167 0.139205 0.2
2 0.56108 0.679167 0.178977 0.208333
2 0.677557 0.433333 0.105114 0.0833333
