0 0.627841 0.633333 0.0284091 0.1
0 0.789773 0.597917 0.0227273 0.0958333
2 0.725852 0.464583 0.0596591 0.0791667
0 0.441761 0.577083 0.03125 0.104167
2 0.975852 0.441667 0.0482955 0.0666667
7 0.738636 0.372917 0.0738636 0.0875
2 0.774148 0.55 0.0823864 0.108333
2 0.65483 0.414583 0.0426136 0.0375
9 0.211648 0.38125 0.0198864 0.0541667
0 0.708807 0.6 0.0255682 0.1
0 0.859375 0.645833 0.03125 0.1
2 0.963068 0.91875 0.0738636 0.154167
2 0.53267 0.533333 0.0994318 0.0916667
2 0.893466 0.55 0.0767045 0.116667
2 0.681818 0.508333 0.0795455 0.0916667
2 0.612216 0.489583 0.0767045 0.0708333
2 0.125 0.835417 0.25 0.195833
