7 0.517045 0.28125 0.0397727 0.0458333
0 0.839489 0.408333 0.0198864 0.0666667
0 0.867898 0.416667 0.0198864 0.0916667
2 0.387784 0.320833 0.0369318 0.0583333
2 0.4375 0.320833 0.0284091 0.0333333
2 0.546875 0.3375 0.03125 0.0416667
2 0.37358 0.56875 0.116477 0.179167
2 0.509943 0.35 0.0482955 0.0583333
7 0.181818 0.566667 0.176136 0.283333
2 0.284091 0.416667 0.0511364 0.0583333
7 0.113636 0.725 0.221591 0.3
2 0.602273 0.416667 0.0738636 0.075
2 0.490057 0.433333 0.0823864 0.108333
2 0.636364 0.529167 0.119318 0.141667
