2 0.492898 0.460417 0.0369318 0.0375
0 0.879261 0.541667 0.0255682 0.0666667
2 0.409091 0.497917 0.0454545 0.0458333
2 0.62642 0.55625 0.0823864 0.0708333
0 0.0696023 0.58125 0.0198864 0.0791667
2 0.511364 0.53125 0.0681818 0.0708333
2 0.181818 0.6625 0.0909091 0.1
2 0.245739 0.529167 0.0539773 0.0666667
2 0.46875 0.633333 0.125 0.166667
2 0.119318 0.758333 0.153409 0.175
2 0.0639205 0.927083 0.127841 0.1375
2 0.340909 0.785417 0.113636 0.154167
2 0.791193 0.822917 0.224432 0.2125
2 0.896307 0.735417 0.201705 0.154167
