0 0.230114 0.529167 0.0170455 0.075
2 0.65483 0.414583 0.0426136 0.0375
2 0.892045 0.404167 0.0340909 0.0416667
0 0.190341 0.597917 0.0340909 0.0875
7 0.839489 0.389583 0.0482955 0.0875
9 0.213068 0.383333 0.0227273 0.0583333
0 0.31108 0.558333 0.0198864 0.0833333
0 0.372159 0.58125 0.0227273 0.0875
2 0.755682 0.439583 0.0511364 0.0625
2 0.771307 0.71875 0.133523 0.2625
2 0.957386 0.816667 0.0852273 0.241667
2 0.636364 0.479167 0.0795455 0.075
2 0.0681818 0.670833 0.136364 0.108333
2 0.548295 0.620833 0.142045 0.158333
