2 0.892045 0.372917 0.0397727 0.0291667
2 0.65483 0.41875 0.0426136 0.0375
2 0.951705 0.397917 0.0397727 0.0375
0 0.867898 0.735417 0.0369318 0.129167
0 0.732955 0.666667 0.0284091 0.108333
2 0.711648 0.489583 0.0596591 0.0708333
9 0.211648 0.383333 0.0198864 0.0583333
0 0.602273 0.664583 0.0340909 0.1125
0 0.670455 0.639583 0.0284091 0.104167
2 0.965909 0.441667 0.0454545 0.0666667
0 0.752841 0.65625 0.0284091 0.1125
2 0.509943 0.535417 0.0994318 0.0791667
2 0.836648 0.929167 0.321023 0.133333
0 0.117898 0.60625 0.0369318 0.120833
2 0.600852 0.491667 0.0823864 0.075
2 0.677557 0.539583 0.0823864 0.0958333
0 0.315341 0.614583 0.0397727 0.104167
2 0.0525568 0.670833 0.105114 0.15
