0 0.698864 0.3625 0.0227273 0.0833333
0 0.0823864 0.466667 0.0227273 0.0916667
0 0.767045 0.339583 0.0170455 0.0541667
0 0.928977 0.460417 0.0284091 0.1125
0 0.723011 0.38125 0.0198864 0.0708333
5 0.267045 0.26875 0.0511364 0.0958333
5 0.21875 0.70625 0.119318 0.204167
0 0.849432 0.43125 0.0227273 0.0791667
2 0.553977 0.314583 0.0625 0.0708333
0 0.892045 0.45625 0.0284091 0.104167
2 0.852273 0.85625 0.295455 0.279167
2 0.28267 0.460417 0.0767045 0.129167
2 0.15483 0.539583 0.133523 0.154167
2 0.555398 0.4625 0.110795 0.116667
5 0.417614 0.425 0.176136 0.3
