0 0.856534 0.3625 0.0198864 0.075
0 0.21733 0.552083 0.0482955 0.1125
2 0.399148 0.302083 0.0482955 0.0625
2 0.302557 0.3375 0.0539773 0.075
2 0.235795 0.547917 0.0909091 0.129167
2 0.62642 0.427083 0.105114 0.104167
2 0.545455 0.358333 0.0852273 0.0833333
0 0.880682 0.397917 0.0284091 0.0708333
2 0.0710227 0.535417 0.142045 0.1375
0 0.740057 0.389583 0.0255682 0.0791667
2 0.350852 0.460417 0.0880682 0.120833
2 0.370739 0.358333 0.0539773 0.0666667
2 0.484375 0.402083 0.0994318 0.120833
2 0.230114 0.397917 0.0625 0.0875
0 0.78125 0.39375 0.0227273 0.104167
