0 0.666193 0.3875 0.0198864 0.0666667
2 0.21733 0.395833 0.0653409 0.075
0 0.980114 0.45625 0.0340909 0.0875
2 0.56392 0.316667 0.0710227 0.075
2 0.481534 0.270833 0.0369318 0.05
2 0.184659 0.46875 0.0852273 0.120833
2 0.289773 0.422917 0.0681818 0.0958333
2 0.414773 0.304167 0.0454545 0.0583333
5 0.348011 0.302083 0.0767045 0.129167
2 0.410511 0.44375 0.0823864 0.1125
2 0.454545 0.3625 0.0681818 0.0833333
2 0.0752841 0.560417 0.150568 0.170833
2 0.941761 0.714583 0.116477 0.254167
2 0.660511 0.716667 0.21875 0.325
