2 0.571023 0.316667 0.0568182 0.075
1 0.894886 0.627083 0.0511364 0.104167
2 0.21875 0.377083 0.0511364 0.0625
2 0.078125 0.527083 0.15625 0.0958333
0 0.889205 0.577083 0.0511364 0.1375
0 0.96733 0.672917 0.0653409 0.145833
2 0.177557 0.454167 0.09375 0.108333
2 0.525568 0.35625 0.0852273 0.0958333
5 0.204545 0.308333 0.0909091 0.133333
2 0.0724432 0.627083 0.144886 0.195833
2 0.224432 0.522917 0.142045 0.1625
5 0.329545 0.3375 0.119318 0.183333
2 0.409091 0.729167 0.164773 0.291667
2 0.524148 0.510417 0.133523 0.179167
