7 0.252841 0.252083 0.0511364 0.0791667
0 0.862216 0.445833 0.0369318 0.0916667
5 0.252841 0.252083 0.0511364 0.0791667
0 0.856534 0.385417 0.0198864 0.0708333
0 0.761364 0.372917 0.0227273 0.0958333
7 0.855114 0.777083 0.289773 0.4375
7 0.46875 0.25 0.0625 0.0833333
0 0.703125 0.352083 0.0198864 0.0708333
0 0.943182 0.4375 0.0284091 0.0833333
2 0.208807 0.30625 0.0426136 0.0541667
5 0.528409 0.322917 0.119318 0.1375
2 0.278409 0.325 0.0454545 0.0583333
2 0.413352 0.31875 0.0539773 0.0708333
2 0.309659 0.397917 0.0625 0.0958333
0 0.893466 0.447917 0.03125 0.0958333
2 0.525568 0.495833 0.113636 0.141667
