0 0.525568 0.591667 0.0397727 0.125
2 0.517045 0.345833 0.0397727 0.0666667
0 0.776989 0.38125 0.0198864 0.0708333
2 0.566761 0.316667 0.0653409 0.075
2 0.484375 0.277083 0.0482955 0.0375
0 0.583807 0.4125 0.0142045 0.075
1 0.774148 0.614583 0.09375 0.0875
5 0.227273 0.275 0.0681818 0.1
2 0.210227 0.414583 0.0625 0.0958333
1 0.548295 0.625 0.0625 0.0833333
0 0.839489 0.570833 0.0482955 0.116667
1 0.836648 0.595833 0.0710227 0.075
0 0.629261 0.597917 0.0482955 0.129167
0 0.771307 0.5875 0.0482955 0.141667
2 0.355114 0.352083 0.0511364 0.0791667
1 0.627841 0.629167 0.0909091 0.075
2 0.288352 0.364583 0.0539773 0.0791667
5 0.269886 0.6375 0.534091 0.416667
