0 0.0426136 0.472917 0.0340909 0.0791667
0 0.705966 0.379167 0.0198864 0.0666667
2 0.369318 0.39375 0.0681818 0.0958333
2 0.538352 0.370833 0.0710227 0.0666667
0 0.0298295 0.502083 0.0198864 0.0791667
2 0.538352 0.45625 0.116477 0.1375
2 0.234375 0.327083 0.0482955 0.0541667
0 0.866477 0.39375 0.0284091 0.0791667
0 0.828125 0.408333 0.0255682 0.0833333
2 0.149148 0.51875 0.122159 0.1625
2 0.208807 0.4125 0.0710227 0.108333
2 0.34517 0.4875 0.0994318 0.15
2 0.632102 0.841667 0.298295 0.308333
2 0.774148 0.4875 0.230114 0.175
