2 0.465909 0.266667 0.0340909 0.0416667
2 0.84233 0.795833 0.309659 0.4
7 0.84375 0.79375 0.3125 0.395833
2 0.21733 0.40625 0.0710227 0.0875
2 0.176136 0.470833 0.0852273 0.133333
5 0.576705 0.30625 0.0738636 0.0791667
2 0.264205 0.264583 0.0284091 0.0291667
2 0.338068 0.2375 0.0284091 0.0333333
7 0.642045 0.397917 0.181818 0.204167
2 0.96733 0.577083 0.0653409 0.145833
2 0.315341 0.3 0.0340909 0.05
0 0.758523 0.4375 0.0284091 0.0916667
2 0.393466 0.295833 0.0482955 0.0666667
2 0.0852273 0.545833 0.170455 0.191667
2 0.400568 0.839583 0.232955 0.3125
2 0.433239 0.404167 0.0823864 0.125
