2 0.27983 0.235417 0.0198864 0.0208333
0 0.0284091 0.529167 0.0227273 0.0833333
0 0.857955 0.425 0.0227273 0.0833333
0 0.105114 0.45 0.0227273 0.0916667
0 0.704545 0.38125 0.0170455 0.0791667
0 0.836648 0.422917 0.0255682 0.0791667
0 0.0355114 0.460417 0.03125 0.0958333
0 0.159091 0.458333 0.0284091 0.0833333
2 0.583807 0.3375 0.0710227 0.0583333
2 0.477273 0.272917 0.0454545 0.0458333
5 0.221591 0.345833 0.119318 0.175
2 0.855114 0.566667 0.238636 0.141667
2 0.669034 0.53125 0.235795 0.1375
2 0.805398 0.714583 0.338068 0.204167
