2 0.393466 0.28125 0.0369318 0.0375
2 0.59233 0.3375 0.0710227 0.0666667
0 0.899148 0.410417 0.0198864 0.0541667
2 0.474432 0.366667 0.0625 0.075
2 0.37358 0.379167 0.0653409 0.0916667
0 0.18608 0.714583 0.0539773 0.154167
5 0.25 0.327083 0.0965909 0.179167
2 0.409091 0.48125 0.0965909 0.145833
2 0.164773 0.41875 0.0625 0.0875
2 0.897727 0.929167 0.204545 0.133333
2 0.528409 0.445833 0.0965909 0.108333
2 0.487216 0.83125 0.247159 0.329167
2 0.644886 0.625 0.193182 0.216667
2 0.897727 0.522917 0.204545 0.1875
