2 0.582386 0.31875 0.0795455 0.0958333
2 0.490057 0.283333 0.0482955 0.0416667
2 0.389205 0.225 0.0227273 0.025
0 0.549716 0.4125 0.0198864 0.0833333
0 0.644886 0.4375 0.0227273 0.0833333
0 0.183239 0.4875 0.0482955 0.108333
2 0.464489 0.2625 0.0369318 0.0416667
25 0.365057 0.391667 0.0369318 0.0166667
0 0.0255682 0.485417 0.0397727 0.0958333
7 0.930398 0.583333 0.139205 0.341667
2 0.113636 0.929167 0.227273 0.133333
2 0.285511 0.375 0.0596591 0.0833333
0 0.372159 0.4375 0.0227273 0.0833333
0 0.75 0.475 0.0397727 0.108333
