0 0.556818 0.34375 0.0113636 0.0458333
0 0.147727 0.48125 0.0227273 0.0958333
0 0.180398 0.477083 0.0426136 0.154167
0 0.990057 0.441667 0.0198864 0.075
2 0.457386 0.260417 0.0340909 0.0375
0 0.65625 0.327083 0.0227273 0.0708333
2 0.423295 0.245833 0.0340909 0.0416667
0 0.318182 0.429167 0.0227273 0.1
0 0.357955 0.416667 0.0227273 0.1
5 0.112216 0.7625 0.224432 0.466667
2 0.985795 0.620833 0.0284091 0.1
5 0.18608 0.3375 0.105114 0.175
2 0.482955 0.277083 0.0397727 0.0375
5 0.619318 0.48125 0.5625 0.2625
