0 0.0113636 0.452083 0.0170455 0.0791667
0 0.869318 0.420833 0.0284091 0.0916667
0 0.737216 0.391667 0.0198864 0.075
0 0.788352 0.4 0.0198864 0.0833333
0 0.819602 0.389583 0.0255682 0.0708333
0 0.957386 0.447917 0.0284091 0.0958333
2 0.193182 0.414583 0.0681818 0.0875
2 0.147727 0.495833 0.130682 0.175
2 0.355114 0.358333 0.0625 0.0833333
5 0.27983 0.295833 0.0653409 0.116667
2 0.495739 0.383333 0.0880682 0.1
2 0.930398 0.585417 0.139205 0.129167
2 0.721591 0.489583 0.170455 0.1375
2 0.292614 0.727083 0.159091 0.295833
