0 0.0284091 0.466667 0.0397727 0.0833333
5 0.225852 0.275 0.0710227 0.1
2 0.512784 0.352083 0.0482955 0.0708333
2 0.78125 0.925 0.431818 0.15
0 0.776989 0.570833 0.0426136 0.108333
0 0.884943 0.55625 0.0482955 0.120833
2 0.565341 0.314583 0.0681818 0.0791667
1 0.778409 0.610417 0.0852273 0.0791667
2 0.338068 0.310417 0.0397727 0.0541667
1 0.883523 0.595833 0.0681818 0.075
2 0.973011 0.470833 0.0539773 0.0916667
1 0.649148 0.616667 0.09375 0.0916667
2 0.96733 0.608333 0.0653409 0.166667
2 0.428977 0.7375 0.340909 0.183333
2 0.18608 0.90625 0.366477 0.179167
