0 0.758523 0.38125 0.0227273 0.104167
2 0.325284 0.283333 0.03125 0.0416667
0 0.819602 0.341667 0.0142045 0.0666667
0 0.941761 0.40625 0.0255682 0.0791667
0 0.963068 0.4125 0.0227273 0.075
0 0.77983 0.397917 0.0255682 0.0791667
2 0.27983 0.322917 0.0426136 0.0625
5 0.52983 0.320833 0.122159 0.141667
2 0.194602 0.34375 0.0539773 0.0708333
2 0.288352 0.435417 0.0767045 0.1125
2 0.393466 0.3 0.0482955 0.0583333
5 0.225852 0.26875 0.0823864 0.0958333
2 0.620739 0.460417 0.15625 0.1125
7 0.473011 0.558333 0.241477 0.416667
2 0.0752841 0.583333 0.150568 0.183333
