1 0.768466 0.616667 0.0823864 0.0833333
0 0.176136 0.479167 0.0227273 0.0833333
5 0.227273 0.275 0.0681818 0.1
0 0.666193 0.422917 0.0255682 0.0875
0 0.835227 0.566667 0.0454545 0.108333
0 0.458807 0.416667 0.03125 0.0833333
0 0.296875 0.466667 0.0369318 0.1
1 0.633523 0.622917 0.0795455 0.0791667
2 0.566761 0.314583 0.0653409 0.0791667
0 0.776989 0.589583 0.0426136 0.1375
1 0.833807 0.595833 0.0767045 0.075
2 0.565341 0.927083 0.5 0.1375
2 0.213068 0.41875 0.0681818 0.104167
2 0.289773 0.364583 0.0568182 0.0791667
2 0.353693 0.354167 0.0482955 0.075
2 0.639205 0.539583 0.267045 0.154167
2 0.482955 0.73125 0.375 0.220833
