2 0.481534 0.279167 0.0426136 0.0333333
2 0.565341 0.316667 0.0681818 0.075
1 0.609375 0.633333 0.0426136 0.075
0 0.28267 0.439583 0.0369318 0.0708333
0 0.84375 0.539583 0.0454545 0.0625
5 0.225852 0.275 0.0710227 0.1
2 0.213068 0.420833 0.0681818 0.108333
1 0.538352 0.635417 0.09375 0.0958333
0 0.53125 0.60625 0.0511364 0.1375
2 0.289773 0.364583 0.0568182 0.0791667
2 0.353693 0.354167 0.0482955 0.075
2 0.482955 0.91875 0.517045 0.1625
2 0.799716 0.666667 0.372159 0.233333
2 0.255682 0.760417 0.392045 0.2125
