0 0.853693 0.40625 0.0198864 0.0791667
0 0.0525568 0.479167 0.03125 0.0916667
0 0.183239 0.45625 0.0198864 0.0791667
0 0.0255682 0.475 0.0340909 0.133333
0 0.785511 0.425 0.0255682 0.0833333
2 0.988636 0.672917 0.0227273 0.0958333
0 0.931818 0.745833 0.0681818 0.158333
0 0.644886 0.420833 0.0227273 0.0833333
1 0.930398 0.814583 0.105114 0.154167
5 0.365057 0.322917 0.0880682 0.170833
0 0.6875 0.427083 0.0227273 0.0875
2 0.52983 0.304167 0.0482955 0.05
2 0.571023 0.36875 0.0625 0.0791667
5 0.203125 0.341667 0.09375 0.166667
