2 0.245739 0.35625 0.0539773 0.0625
0 0.894886 0.408333 0.0227273 0.0833333
2 0.519886 0.302083 0.0568182 0.0625
0 0.569602 0.4625 0.03125 0.0833333
0 0.541193 0.422917 0.03125 0.0791667
0 0.0227273 0.49375 0.0284091 0.0958333
2 0.580966 0.3375 0.0653409 0.0666667
0 0.367898 0.464583 0.03125 0.0875
2 0.460227 0.939583 0.420455 0.120833
0 0.170455 0.510417 0.0397727 0.0958333
2 0.215909 0.43125 0.0738636 0.1125
2 0.798295 0.572917 0.267045 0.129167
2 0.798295 0.720833 0.363636 0.241667
2 0.359375 0.35625 0.0596591 0.0708333
