2 0.542614 0.30625 0.0625 0.0625
0 0.103693 0.504167 0.03125 0.116667
0 0.596591 0.420833 0.0227273 0.0833333
0 0.257102 0.439583 0.03125 0.0958333
0 0.507102 0.391667 0.0255682 0.075
2 0.484375 0.272917 0.0539773 0.0541667
0 0.0113636 0.45625 0.0227273 0.0791667
2 0.846591 0.93125 0.301136 0.1375
2 0.227273 0.935417 0.443182 0.129167
2 0.576705 0.33125 0.0738636 0.0625
0 0.315341 0.45 0.0227273 0.075
5 0.294034 0.33125 0.105114 0.170833
2 0.383523 0.329167 0.0511364 0.0666667
2 0.0681818 0.81875 0.136364 0.145833
5 0.200284 0.327083 0.09375 0.1625
2 0.446023 0.372917 0.0681818 0.0791667
2 0.855114 0.65625 0.284091 0.179167
