1 0.193182 0.79375 0.0625 0.1875
5 0.25 0.25625 0.0511364 0.0791667
0 0.173295 0.585417 0.0397727 0.0625
0 0.862216 0.420833 0.0255682 0.108333
7 0.46733 0.25 0.0653409 0.0833333
0 0.836648 0.429167 0.0369318 0.0916667
0 0.180398 0.708333 0.0653409 0.15
0 0.916193 0.425 0.0255682 0.0833333
2 0.34375 0.514583 0.102273 0.1375
2 0.208807 0.310417 0.0426136 0.0541667
0 0.759943 0.385417 0.0198864 0.0708333
2 0.184659 0.56875 0.0909091 0.0875
5 0.528409 0.322917 0.119318 0.1375
2 0.47017 0.379167 0.0767045 0.108333
2 0.419034 0.31875 0.0596591 0.0791667
2 0.267045 0.354167 0.0511364 0.075
2 0.769886 0.889583 0.278409 0.220833
