7 0.173 0.344 0.057 0.087
7 0.168 0.29 0.057 0.079
5 0.679 0.775 0.642 0.45
7 0.787 0.685 0.426 0.554
7 0.899 0.487 0.196 0.133
2 0.386 0.406 0.097 0.121
2 0.32 0.331 0.06 0.071
2 0.261 0.287 0.04 0.042
2 0.24 0.254 0.031 0.042
2 0.44 0.365 0.085 0.096
7 0.371 0.315 0.065 0.071
2 0.321 0.281 0.04 0.046
7 0.699 0.346 0.222 0.167
2 0.81 0.39 0.074 0.079
2 0.604 0.398 0.105 0.062
2 0.572 0.308 0.043 0.05
2 0.499 0.331 0.088 0.096
2 0.423 0.304 0.051 0.05
7 0.378 0.256 0.074 0.079
2 0.496 0.277 0.054 0.046