2 0.193 0.39 0.074 0.096
7 0.172 0.342 0.054 0.075
7 0.166 0.285 0.054 0.071
2 0.081 0.827 0.162 0.229
2 0.497 0.521 0.176 0.233
2 0.321 0.342 0.057 0.067
2 0.286 0.298 0.043 0.054
2 0.259 0.277 0.034 0.037
2 0.543 0.446 0.102 0.1
2 0.405 0.35 0.071 0.075
2 0.339 0.3 0.048 0.042
2 0.307 0.269 0.045 0.046
7 0.925 0.5 0.151 0.275
2 0.672 0.419 0.134 0.129
2 0.504 0.333 0.088 0.092
2 0.443 0.298 0.045 0.054
2 0.381 0.271 0.057 0.075
7 0.697 0.354 0.219 0.183
2 0.811 0.39 0.065 0.079
2 0.572 0.312 0.037 0.05
2 0.493 0.277 0.054 0.046
7 0.419 0.242 0.065 0.067