2 0.303 0.44 0.099 0.146
2 0.403 0.431 0.097 0.096
2 0.358 0.379 0.068 0.067
2 0.324 0.327 0.062 0.079
2 0.291 0.312 0.054 0.075
2 0.577 0.429 0.119 0.125
7 0.491 0.381 0.091 0.096
2 0.438 0.321 0.074 0.075
7 0.376 0.31 0.06 0.062
7 0.334 0.26 0.054 0.046
2 0.655 0.415 0.105 0.096
2 0.537 0.346 0.097 0.083
2 0.466 0.292 0.074 0.058
2 0.622 0.342 0.08 0.075
2 0.713 0.39 0.119 0.129
2 0.172 0.379 0.054 0.058
2 0.17 0.335 0.045 0.046
2 0.173 0.304 0.045 0.058
2 0.781 0.373 0.08 0.071
2 0.864 0.425 0.125 0.092