2 0.19 0.854 0.301 0.292
2 0.328 0.623 0.111 0.154
2 0.3 0.421 0.094 0.125
7 0.419 0.44 0.122 0.121
2 0.332 0.356 0.057 0.062
2 0.283 0.306 0.043 0.037
2 0.344 0.287 0.051 0.058
7 0.305 0.256 0.048 0.071
2 0.413 0.344 0.065 0.062
2 0.489 0.4 0.091 0.083
2 0.885 0.683 0.23 0.242
7 0.517 0.317 0.119 0.133
2 0.435 0.306 0.04 0.046
2 0.386 0.283 0.04 0.05
2 0.611 0.331 0.108 0.113
2 0.7 0.356 0.082 0.062
2 0.761 0.425 0.136 0.1
2 0.912 0.483 0.176 0.167
2 0.165 0.294 0.04 0.037
2 0.172 0.333 0.054 0.042
2 0.172 0.379 0.048 0.042