2 0.303 0.44 0.099 0.146
2 0.405 0.431 0.094 0.087
2 0.361 0.375 0.074 0.075
2 0.321 0.323 0.068 0.071
2 0.295 0.302 0.057 0.062
2 0.577 0.431 0.125 0.121
7 0.477 0.375 0.085 0.092
2 0.435 0.327 0.068 0.104
7 0.368 0.298 0.048 0.054
7 0.349 0.265 0.034 0.037
2 0.658 0.41 0.105 0.104
2 0.537 0.338 0.097 0.067
2 0.467 0.292 0.054 0.067
2 0.695 0.375 0.111 0.092
2 0.776 0.383 0.074 0.075
2 0.864 0.421 0.119 0.092
2 0.957 0.485 0.08 0.196
2 0.17 0.373 0.057 0.046
2 0.166 0.333 0.043 0.042
2 0.165 0.3 0.045 0.05