5 0.629 0.685 0.679 0.629
2 0.254 0.329 0.048 0.067
2 0.222 0.287 0.028 0.033
2 0.666 0.51 0.162 0.121
2 0.45 0.36 0.082 0.079
2 0.361 0.34 0.08 0.062
2 0.294 0.308 0.048 0.042
2 0.683 0.41 0.162 0.121
2 0.507 0.35 0.077 0.075
2 0.436 0.31 0.06 0.054
2 0.898 0.481 0.176 0.113
2 0.777 0.377 0.094 0.071
2 0.561 0.338 0.082 0.067
2 0.48 0.279 0.085 0.075
2 0.176 0.379 0.074 0.067
2 0.17 0.296 0.045 0.042
7 0.382 0.265 0.048 0.054
2 0.651 0.331 0.097 0.037
2 0.871 0.402 0.105 0.071
2 0.168 0.335 0.057 0.046