2 0.19 0.375 0.062 0.067
7 0.172 0.346 0.054 0.075
7 0.166 0.29 0.054 0.079
2 0.612 0.606 0.19 0.221
2 0.401 0.433 0.091 0.117
2 0.322 0.338 0.054 0.067
2 0.283 0.296 0.043 0.05
2 0.871 0.671 0.259 0.225
2 0.501 0.402 0.122 0.129
2 0.375 0.321 0.057 0.058
2 0.834 0.49 0.202 0.163
2 0.639 0.398 0.142 0.129
2 0.545 0.358 0.057 0.083
2 0.456 0.298 0.082 0.087
7 0.386 0.265 0.074 0.087
7 0.692 0.354 0.213 0.183
2 0.808 0.388 0.071 0.075
2 0.572 0.312 0.037 0.05
2 0.497 0.279 0.051 0.05
7 0.422 0.231 0.071 0.046