2 0.146 0.865 0.293 0.271
2 0.824 0.835 0.352 0.329
2 0.49 0.519 0.134 0.138
2 0.368 0.396 0.082 0.083
2 0.325 0.348 0.054 0.054
2 0.298 0.308 0.051 0.058
2 0.236 0.312 0.051 0.067
2 0.261 0.265 0.034 0.046
7 0.325 0.267 0.043 0.05
2 0.347 0.244 0.04 0.046
2 0.391 0.277 0.054 0.046
2 0.413 0.338 0.048 0.083
7 0.501 0.367 0.134 0.167
2 0.72 0.533 0.241 0.225
2 0.614 0.398 0.102 0.071
2 0.923 0.583 0.153 0.192
2 0.956 0.475 0.088 0.1
2 0.814 0.446 0.151 0.108
2 0.604 0.323 0.122 0.104
2 0.17 0.377 0.057 0.046
2 0.168 0.338 0.045 0.042
2 0.169 0.298 0.043 0.037