5 0.511 0.815 0.71 0.379
5 0.206 0.76 0.412 0.454
2 0.178 0.379 0.065 0.058
2 0.17 0.329 0.057 0.033
2 0.172 0.317 0.06 0.067
2 0.301 0.444 0.102 0.163
2 0.401 0.435 0.102 0.096
2 0.575 0.433 0.122 0.133
7 0.482 0.381 0.082 0.096
2 0.364 0.379 0.074 0.067
2 0.322 0.329 0.065 0.067
2 0.294 0.298 0.054 0.046
2 0.276 0.273 0.051 0.029
7 0.378 0.31 0.057 0.079
7 0.339 0.271 0.048 0.05
2 0.438 0.317 0.068 0.075
2 0.536 0.335 0.094 0.062
7 0.429 0.25 0.074 0.05
2 0.653 0.415 0.102 0.113
2 0.619 0.342 0.074 0.075
2 0.714 0.385 0.122 0.113
2 0.876 0.427 0.134 0.087
2 0.783 0.381 0.077 0.079