5 0.45 0.725 0.901 0.55
2 0.301 0.44 0.097 0.154
2 0.173 0.375 0.068 0.058
2 0.172 0.333 0.054 0.033
2 0.168 0.302 0.051 0.046
2 0.403 0.435 0.097 0.087
2 0.358 0.379 0.074 0.067
2 0.322 0.327 0.065 0.071
2 0.295 0.308 0.045 0.058
2 0.274 0.279 0.037 0.042
2 0.577 0.435 0.125 0.121
7 0.483 0.379 0.085 0.1
2 0.438 0.319 0.074 0.071
7 0.376 0.308 0.065 0.067
2 0.54 0.338 0.097 0.075
7 0.42 0.258 0.068 0.058
7 0.345 0.269 0.06 0.062
2 0.656 0.419 0.108 0.113
2 0.713 0.385 0.125 0.113
2 0.618 0.34 0.077 0.062
2 0.874 0.421 0.139 0.092
2 0.786 0.379 0.082 0.083