5 0.723 0.64 0.548 0.429
2 0.303 0.444 0.099 0.154
2 0.401 0.433 0.097 0.092
2 0.575 0.435 0.122 0.138
7 0.48 0.379 0.085 0.1
2 0.359 0.381 0.071 0.071
2 0.175 0.379 0.065 0.058
2 0.173 0.34 0.062 0.054
2 0.17 0.312 0.062 0.075
2 0.324 0.327 0.068 0.071
2 0.294 0.306 0.054 0.062
2 0.537 0.338 0.102 0.067
2 0.439 0.321 0.071 0.075
7 0.374 0.312 0.06 0.075
7 0.425 0.246 0.077 0.058
2 0.714 0.388 0.116 0.108
2 0.653 0.415 0.108 0.113
2 0.616 0.335 0.074 0.062
2 0.267 0.281 0.034 0.037
7 0.339 0.263 0.054 0.058
2 0.773 0.379 0.091 0.075
2 0.868 0.412 0.134 0.067