2 0.776 0.71 0.256 0.287
2 0.314 0.706 0.162 0.246
2 0.33 0.521 0.091 0.125
2 0.266 0.356 0.065 0.087
7 0.348 0.36 0.071 0.071
2 0.3 0.317 0.043 0.05
2 0.263 0.281 0.043 0.037
2 0.31 0.26 0.045 0.046
2 0.354 0.3 0.048 0.042
2 0.396 0.331 0.043 0.054
2 0.537 0.427 0.114 0.104
2 0.911 0.483 0.179 0.167
2 0.744 0.417 0.131 0.1
2 0.605 0.335 0.119 0.121
2 0.528 0.315 0.04 0.062
7 0.44 0.283 0.091 0.108
2 0.49 0.29 0.037 0.054
2 0.166 0.29 0.037 0.029
2 0.172 0.327 0.054 0.029
2 0.169 0.373 0.048 0.046