2 0.903 0.61 0.21 0.196
2 0.716 0.39 0.119 0.113
2 0.575 0.435 0.122 0.129
2 0.875 0.419 0.136 0.087
2 0.304 0.44 0.102 0.146
2 0.403 0.435 0.091 0.096
2 0.358 0.377 0.074 0.054
2 0.321 0.325 0.062 0.058
2 0.293 0.3 0.045 0.058
7 0.484 0.379 0.088 0.1
2 0.538 0.34 0.094 0.071
2 0.44 0.319 0.068 0.062
7 0.376 0.306 0.06 0.071
2 0.463 0.283 0.068 0.042
2 0.619 0.34 0.074 0.062
2 0.656 0.412 0.102 0.1
7 0.43 0.25 0.071 0.042
7 0.344 0.258 0.051 0.033
2 0.784 0.381 0.08 0.071
2 0.176 0.375 0.068 0.05
2 0.172 0.329 0.054 0.033
2 0.17 0.298 0.045 0.037