2 0.192 0.392 0.077 0.1
7 0.173 0.34 0.057 0.062
7 0.168 0.294 0.057 0.079
2 0.635 0.662 0.207 0.242
2 0.428 0.433 0.099 0.117
2 0.33 0.354 0.062 0.075
2 0.294 0.304 0.043 0.05
2 0.271 0.279 0.037 0.042
2 0.55 0.446 0.122 0.1
2 0.409 0.335 0.08 0.087
2 0.339 0.296 0.048 0.05
2 0.824 0.487 0.193 0.158
2 0.621 0.392 0.134 0.125
2 0.53 0.348 0.065 0.071
2 0.436 0.294 0.077 0.087
7 0.371 0.254 0.065 0.083
7 0.693 0.352 0.21 0.179
2 0.811 0.39 0.065 0.079
2 0.571 0.31 0.04 0.046
2 0.493 0.279 0.06 0.05
7 0.423 0.235 0.062 0.054