2 0.233 0.827 0.256 0.296
2 0.337 0.596 0.099 0.15
2 0.28 0.388 0.077 0.108
7 0.374 0.394 0.088 0.096
2 0.317 0.333 0.048 0.058
2 0.271 0.29 0.043 0.046
2 0.325 0.273 0.043 0.054
2 0.379 0.321 0.054 0.058
2 0.433 0.356 0.071 0.071
2 0.669 0.519 0.162 0.154
2 0.911 0.485 0.173 0.163
2 0.754 0.423 0.134 0.087
2 0.604 0.335 0.122 0.113
2 0.528 0.312 0.034 0.067
7 0.473 0.3 0.099 0.117
2 0.409 0.294 0.04 0.046
2 0.369 0.277 0.04 0.037
2 0.17 0.373 0.057 0.046
2 0.173 0.335 0.051 0.037
2 0.168 0.298 0.051 0.037