7 0.173 0.348 0.057 0.087
7 0.166 0.287 0.054 0.075
2 0.676 0.729 0.261 0.267
2 0.466 0.465 0.17 0.229
2 0.366 0.392 0.057 0.083
2 0.32 0.333 0.06 0.067
7 0.605 0.354 0.17 0.183
2 0.503 0.35 0.062 0.067
7 0.413 0.327 0.077 0.071
2 0.449 0.315 0.062 0.054
7 0.693 0.354 0.216 0.183
2 0.81 0.39 0.068 0.079
7 0.415 0.24 0.051 0.062
7 0.26 0.279 0.043 0.05
2 0.257 0.683 0.179 0.217
2 0.487 0.275 0.048 0.05
7 0.395 0.273 0.08 0.087
7 0.325 0.252 0.048 0.079
2 0.331 0.5 0.082 0.117
2 0.533 0.421 0.077 0.092
2 0.283 0.302 0.037 0.046