7 0.173 0.348 0.057 0.087
7 0.166 0.287 0.054 0.075
2 0.393 0.429 0.094 0.1
2 0.347 0.35 0.085 0.125
2 0.301 0.331 0.028 0.062
2 0.287 0.31 0.034 0.054
2 0.513 0.406 0.099 0.104
7 0.551 0.338 0.142 0.167
2 0.452 0.323 0.068 0.062
7 0.385 0.31 0.06 0.062
2 0.412 0.292 0.045 0.042
7 0.693 0.354 0.216 0.183
2 0.81 0.39 0.068 0.079
7 0.415 0.24 0.051 0.062
7 0.257 0.277 0.043 0.046
2 0.205 0.269 0.034 0.037
7 0.357 0.254 0.06 0.075
2 0.68 0.831 0.406 0.296
5 0.719 0.898 0.562 0.204
2 0.432 0.358 0.068 0.075