2 0.304 0.446 0.097 0.142
2 0.403 0.429 0.097 0.083
2 0.358 0.373 0.068 0.062
2 0.327 0.327 0.068 0.071
2 0.291 0.308 0.048 0.067
2 0.578 0.433 0.122 0.133
7 0.483 0.381 0.08 0.104
2 0.436 0.338 0.077 0.108
7 0.379 0.31 0.06 0.062
7 0.321 0.254 0.051 0.058
2 0.655 0.41 0.105 0.096
2 0.538 0.34 0.094 0.071
2 0.467 0.296 0.065 0.067
2 0.716 0.385 0.114 0.104
2 0.614 0.333 0.068 0.058
2 0.781 0.379 0.08 0.058
2 0.879 0.427 0.134 0.087
2 0.173 0.377 0.051 0.054
2 0.17 0.34 0.051 0.046
2 0.172 0.302 0.048 0.054