2 0.303 0.442 0.099 0.15
2 0.405 0.429 0.094 0.092
2 0.358 0.373 0.068 0.071
2 0.324 0.325 0.062 0.075
2 0.58 0.427 0.131 0.129
7 0.482 0.381 0.077 0.096
2 0.438 0.338 0.074 0.1
7 0.375 0.308 0.062 0.067
2 0.655 0.419 0.111 0.113
2 0.536 0.338 0.088 0.067
2 0.71 0.383 0.114 0.108
2 0.788 0.377 0.077 0.062
2 0.869 0.425 0.119 0.1
2 0.464 0.296 0.071 0.067
7 0.403 0.244 0.062 0.062
2 0.609 0.329 0.071 0.075
2 0.288 0.292 0.054 0.042
2 0.169 0.367 0.054 0.058
2 0.168 0.329 0.051 0.033
2 0.173 0.29 0.04 0.046