2 0.197 0.39 0.077 0.096
7 0.172 0.346 0.054 0.083
7 0.168 0.287 0.057 0.083
2 0.838 0.815 0.324 0.371
2 0.365 0.388 0.071 0.083
2 0.312 0.325 0.051 0.058
2 0.273 0.294 0.04 0.046
2 0.737 0.585 0.207 0.146
2 0.489 0.41 0.102 0.104
2 0.376 0.325 0.06 0.058
2 0.325 0.279 0.048 0.058
7 0.963 0.492 0.074 0.233
2 0.739 0.452 0.159 0.138
2 0.555 0.358 0.111 0.108
2 0.472 0.308 0.062 0.067
2 0.396 0.275 0.065 0.083
7 0.697 0.352 0.219 0.179
2 0.815 0.392 0.062 0.075
2 0.572 0.31 0.037 0.046
2 0.496 0.277 0.054 0.054
7 0.42 0.24 0.062 0.062