7 0.173 0.348 0.057 0.087
7 0.166 0.287 0.054 0.075
2 0.509 0.554 0.159 0.158
2 0.408 0.41 0.128 0.171
2 0.332 0.367 0.034 0.067
2 0.3 0.321 0.048 0.058
2 0.903 0.692 0.188 0.275
7 0.605 0.354 0.17 0.183
2 0.503 0.35 0.062 0.067
7 0.398 0.315 0.068 0.054
2 0.449 0.315 0.062 0.054
7 0.693 0.354 0.216 0.183
2 0.81 0.39 0.068 0.079
7 0.415 0.24 0.051 0.062
7 0.259 0.279 0.04 0.05
2 0.297 0.629 0.128 0.183
2 0.487 0.275 0.048 0.05
7 0.395 0.273 0.08 0.087
7 0.325 0.252 0.048 0.079
2 0.317 0.469 0.077 0.104
2 0.473 0.385 0.071 0.079