7 0.173 0.348 0.057 0.087
7 0.166 0.287 0.054 0.075
2 0.442 0.483 0.122 0.125
2 0.378 0.381 0.108 0.154
2 0.315 0.348 0.028 0.062
2 0.291 0.31 0.043 0.054
2 0.673 0.512 0.165 0.167
7 0.605 0.354 0.17 0.183
2 0.503 0.35 0.062 0.067
7 0.385 0.31 0.06 0.062
2 0.449 0.315 0.062 0.054
7 0.693 0.354 0.216 0.183
2 0.81 0.39 0.068 0.079
7 0.415 0.24 0.051 0.062
7 0.259 0.279 0.04 0.05
2 0.321 0.579 0.102 0.158
2 0.487 0.275 0.048 0.05
7 0.391 0.271 0.071 0.083
7 0.325 0.252 0.048 0.079
2 0.301 0.44 0.068 0.096
2 0.449 0.371 0.068 0.075