2 0.109 0.892 0.219 0.217
2 0.307 0.679 0.148 0.217
2 0.399 0.494 0.202 0.163
2 0.42 0.431 0.097 0.079
2 0.33 0.352 0.062 0.062
2 0.294 0.319 0.043 0.046
2 0.273 0.277 0.045 0.046
7 0.359 0.287 0.071 0.092
2 0.443 0.356 0.097 0.096
2 0.572 0.379 0.094 0.075
2 0.611 0.479 0.142 0.142
7 0.849 0.842 0.301 0.317
2 0.888 0.66 0.224 0.204
7 0.78 0.429 0.264 0.258
2 0.928 0.487 0.145 0.167
2 0.598 0.329 0.111 0.1
2 0.526 0.312 0.045 0.058
2 0.483 0.296 0.051 0.05
2 0.433 0.273 0.077 0.054
2 0.172 0.381 0.048 0.046
2 0.168 0.356 0.051 0.079
2 0.168 0.294 0.04 0.037