5 0.153 0.487 0.307 0.325
2 0.334 0.385 0.043 0.062
2 0.151 0.613 0.188 0.183
2 0.334 0.467 0.094 0.083
2 0.393 0.385 0.06 0.062
2 0.447 0.346 0.037 0.033
2 0.479 0.308 0.048 0.05
2 0.175 0.787 0.253 0.367
2 0.507 0.433 0.031 0.008
2 0.456 0.408 0.06 0.05
2 0.513 0.371 0.037 0.042
2 0.537 0.329 0.04 0.033
7 0.413 0.652 0.236 0.421
2 0.551 0.44 0.04 0.096
2 0.574 0.362 0.051 0.033
2 0.589 0.329 0.043 0.025
2 0.614 0.317 0.023 0.025
2 0.616 0.29 0.023 0.013
2 0.621 0.562 0.099 0.158
2 0.651 0.45 0.057 0.075
2 0.649 0.39 0.037 0.029
2 0.665 0.346 0.034 0.042
5 0.801 0.688 0.227 0.492
2 0.776 0.429 0.045 0.025
2 0.741 0.406 0.045 0.046
2 0.734 0.35 0.054 0.042
2 0.714 0.279 0.026 0.025
2 0.686 0.304 0.043 0.058
2 0.663 0.29 0.02 0.037
2 0.665 0.275 0.034 0.008
2 0.578 0.283 0.031 0.025
2 0.528 0.287 0.034 0.025