2 0.482 0.34 0.043 0.037
2 0.523 0.308 0.051 0.042
2 0.557 0.294 0.023 0.021
2 0.574 0.285 0.023 0.037
2 0.295 0.581 0.17 0.154
2 0.459 0.452 0.099 0.087
2 0.52 0.388 0.08 0.083
2 0.572 0.344 0.043 0.037
2 0.609 0.323 0.043 0.046
2 0.493 0.544 0.122 0.129
2 0.571 0.438 0.091 0.1
2 0.565 0.667 0.159 0.208
2 0.639 0.506 0.097 0.121
2 0.675 0.431 0.071 0.071
2 0.729 0.375 0.048 0.083
2 0.634 0.385 0.062 0.071
2 0.747 0.723 0.148 0.279
2 0.801 0.512 0.085 0.117
2 0.923 0.481 0.085 0.129
2 0.901 0.419 0.051 0.071
2 0.875 0.367 0.051 0.075
2 0.858 0.308 0.034 0.042
2 0.849 0.287 0.028 0.033
2 0.649 0.296 0.031 0.042
2 0.668 0.277 0.023 0.021
2 0.663 0.335 0.037 0.037
2 0.693 0.306 0.034 0.037
2 0.744 0.315 0.034 0.029
2 0.714 0.287 0.031 0.033
2 0.209 0.531 0.202 0.171
2 0.803 0.41 0.054 0.062
2 0.753 0.283 0.028 0.025
2 0.804 0.362 0.045 0.067
2 0.764 0.287 0.023 0.033