2 0.950284 0.397917 0.0369318 0.0375
2 0.791193 0.410417 0.03125 0.0375
2 0.642045 0.470833 0.0681818 0.075
2 0.653409 0.41875 0.0397727 0.0375
2 0.75142 0.50625 0.0767045 0.0958333
2 0.0383523 0.645833 0.0767045 0.125
2 0.964489 0.439583 0.0482955 0.0625
2 0.715909 0.41875 0.0397727 0.0375
2 0.852273 0.39375 0.0284091 0.0291667
2 0.880682 0.625 0.0852273 0.133333
2 0.879261 0.472917 0.0482955 0.0708333
2 0.738636 0.627083 0.102273 0.1375
2 0.762784 0.433333 0.0482955 0.0583333
2 0.629261 0.585417 0.105114 0.129167
2 0.835227 0.435417 0.0397727 0.0458333
2 0.146307 0.933333 0.292614 0.133333
5 0.40767 0.570833 0.389205 0.325
