5 0.0994318 0.783333 0.198864 0.433333
2 0.431818 0.84375 0.193182 0.295833
2 0.599432 0.329167 0.0397727 0.0416667
2 0.56108 0.391667 0.0596591 0.05
2 0.424716 0.325 0.03125 0.0333333
2 0.234375 0.491667 0.0823864 0.125
2 0.384943 0.304167 0.0255682 0.0333333
2 0.295455 0.38125 0.0568182 0.0625
2 0.458807 0.360417 0.0482955 0.0541667
2 0.505682 0.345833 0.0340909 0.0333333
2 0.651989 0.764583 0.201705 0.2375
2 0.52983 0.539583 0.105114 0.120833
2 0.93892 0.885417 0.122159 0.229167
2 0.384943 0.354167 0.0369318 0.0416667
2 0.893466 0.51875 0.167614 0.129167
