2 0.951705 0.395833 0.0340909 0.0416667
2 0.886364 0.39375 0.0284091 0.0291667
2 0.65625 0.416667 0.0397727 0.0333333
2 0.700284 0.45 0.0482955 0.05
2 0.835227 0.402083 0.0397727 0.0458333
2 0.917614 0.483333 0.0795455 0.0666667
2 0.538352 0.470833 0.0880682 0.0833333
2 0.772727 0.935417 0.181818 0.129167
2 0.965909 0.441667 0.0454545 0.0583333
2 0.573864 0.50625 0.0852273 0.0791667
2 0.775568 0.552083 0.0795455 0.0958333
2 0.883523 0.445833 0.0397727 0.0583333
2 0.295455 0.664583 0.1875 0.145833
2 0.713068 0.485417 0.0625 0.0708333
2 0.826705 0.439583 0.0397727 0.0458333
2 0.444602 0.635417 0.144886 0.1875
