2 0.950284 0.397917 0.03125 0.0375
2 0.806818 0.3875 0.0284091 0.0333333
2 0.764205 0.391667 0.0284091 0.0333333
2 0.65483 0.41875 0.0426136 0.0375
2 0.889205 0.404167 0.0284091 0.0416667
2 0.838068 0.416667 0.0397727 0.05
2 0.768466 0.566667 0.0823864 0.116667
2 0.441761 0.53125 0.110795 0.1125
2 0.724432 0.416667 0.0397727 0.0416667
2 0.62642 0.58125 0.105114 0.129167
2 0.965909 0.441667 0.0454545 0.0583333
2 0.933239 0.829167 0.133523 0.316667
2 0.68608 0.447917 0.0539773 0.0541667
2 0.788352 0.414583 0.0369318 0.0375
2 0.34517 0.622917 0.178977 0.120833
2 0.117898 0.683333 0.235795 0.116667
2 0.153409 0.875 0.306818 0.25
