2 0.890625 0.39375 0.0255682 0.0291667
2 0.534091 0.475 0.0738636 0.0916667
2 0.950284 0.397917 0.03125 0.0375
2 0.794034 0.391667 0.03125 0.0416667
2 0.838068 0.410417 0.0340909 0.0375
2 0.664773 0.460417 0.0511364 0.0541667
2 0.71875 0.685417 0.125 0.229167
2 0.569602 0.514583 0.0994318 0.104167
2 0.649148 0.55625 0.0880682 0.1125
2 0.965909 0.441667 0.0454545 0.0583333
2 0.81392 0.475 0.0539773 0.0666667
5 0.238636 0.60625 0.477273 0.2875
2 0.46733 0.752083 0.190341 0.220833
2 0.734375 0.470833 0.0596591 0.0666667
