2 0.0184659 0.439583 0.0369318 0.0625
2 0.267045 0.3125 0.0397727 0.0333333
2 0.53267 0.341667 0.0482955 0.05
2 0.50142 0.404167 0.0823864 0.1
2 0.458807 0.360417 0.0767045 0.0708333
2 0.238636 0.354167 0.0511364 0.0583333
2 0.579545 0.391667 0.0852273 0.075
2 0.117898 0.583333 0.133523 0.183333
2 0.409091 0.310417 0.0340909 0.0375
2 0.369318 0.425 0.0795455 0.0916667
2 0.367898 0.316667 0.0369318 0.0416667
2 0.303977 0.379167 0.0511364 0.0583333
2 0.208807 0.43125 0.0653409 0.0708333
2 0.383523 0.3375 0.0397727 0.0416667
