2 0.340909 0.2875 0.0227273 0.025
2 0.491477 0.314583 0.0454545 0.0458333
2 0.409091 0.297917 0.0284091 0.0291667
2 0.375 0.31875 0.0340909 0.0375
2 0.53267 0.379167 0.0767045 0.075
2 0.589489 0.470833 0.110795 0.108333
5 0.4375 0.266667 0.0511364 0.05
2 0.558239 0.31875 0.0426136 0.0291667
2 0.747159 0.49375 0.130682 0.104167
2 0.389205 0.360417 0.0454545 0.0458333
2 0.129261 0.547917 0.122159 0.1625
2 0.455966 0.339583 0.0482955 0.0458333
2 0.490057 0.610417 0.144886 0.170833
2 0.661932 0.579167 0.170455 0.175
