2 0.382102 0.304167 0.0198864 0.025
2 0.419034 0.29375 0.0198864 0.0208333
2 0.517045 0.33125 0.0397727 0.0291667
2 0.234375 0.491667 0.0823864 0.125
2 0.522727 0.366667 0.0511364 0.0583333
2 0.599432 0.33125 0.0397727 0.0375
2 0.447443 0.316667 0.03125 0.0333333
2 0.296875 0.38125 0.0539773 0.0625
2 0.745739 0.927083 0.275568 0.145833
2 0.383523 0.952083 0.210227 0.0958333
2 0.512784 0.497917 0.09375 0.120833
5 0.0994318 0.785417 0.198864 0.429167
2 0.443182 0.354167 0.0340909 0.0416667
2 0.693182 0.535417 0.147727 0.145833
