2 0.301 0.44 0.102 0.146
2 0.403 0.433 0.097 0.092
2 0.358 0.375 0.062 0.058
2 0.321 0.331 0.068 0.062
2 0.293 0.306 0.051 0.071
2 0.577 0.429 0.119 0.125
7 0.482 0.377 0.082 0.087
2 0.438 0.331 0.068 0.087
7 0.374 0.306 0.06 0.071
7 0.337 0.265 0.071 0.071
2 0.656 0.412 0.114 0.1
2 0.538 0.338 0.094 0.058
2 0.464 0.285 0.065 0.046
7 0.409 0.244 0.062 0.054
2 0.614 0.342 0.085 0.075
2 0.713 0.383 0.114 0.108
2 0.787 0.379 0.091 0.067
2 0.878 0.423 0.131 0.096
2 0.172 0.375 0.048 0.05
2 0.169 0.342 0.06 0.058
2 0.173 0.315 0.057 0.071