5 0.766 0.815 0.463 0.371
2 0.283 0.383 0.065 0.092
2 0.506 0.287 0.091 0.075
2 0.172 0.373 0.054 0.046
2 0.166 0.329 0.048 0.033
2 0.223 0.29 0.031 0.046
2 0.331 0.34 0.06 0.054
2 0.297 0.304 0.043 0.05
2 0.27 0.277 0.034 0.046
7 0.352 0.275 0.085 0.108
7 0.42 0.275 0.051 0.083
2 0.459 0.39 0.105 0.079
2 0.509 0.348 0.08 0.062
2 0.604 0.348 0.094 0.062
2 0.494 0.49 0.125 0.138
2 0.607 0.46 0.151 0.146
2 0.675 0.421 0.122 0.1
2 0.734 0.388 0.156 0.117
2 0.872 0.423 0.136 0.096
2 0.96 0.519 0.074 0.104
2 0.168 0.298 0.051 0.037