2 0.233 0.775 0.244 0.267
2 0.594 0.656 0.29 0.312
2 0.439 0.46 0.111 0.113
2 0.355 0.383 0.074 0.075
2 0.318 0.344 0.057 0.054
2 0.291 0.3 0.054 0.058
2 0.233 0.287 0.034 0.058
7 0.307 0.263 0.034 0.033
2 0.368 0.263 0.048 0.05
2 0.372 0.306 0.034 0.062
7 0.435 0.329 0.108 0.125
2 0.536 0.36 0.082 0.054
2 0.597 0.452 0.17 0.154
2 0.899 0.71 0.196 0.263
2 0.756 0.473 0.153 0.129
2 0.604 0.327 0.122 0.104
2 0.939 0.479 0.134 0.133
2 0.791 0.433 0.145 0.1
2 0.695 0.356 0.071 0.062
2 0.761 0.369 0.068 0.046
2 0.17 0.375 0.051 0.05
2 0.166 0.335 0.043 0.037
2 0.17 0.3 0.045 0.042