2 0.303 0.44 0.099 0.146
2 0.406 0.431 0.091 0.087
2 0.358 0.373 0.068 0.062
2 0.322 0.323 0.06 0.071
2 0.291 0.296 0.048 0.05
2 0.575 0.431 0.116 0.129
7 0.48 0.377 0.074 0.096
2 0.439 0.317 0.065 0.067
7 0.376 0.308 0.065 0.067
7 0.33 0.258 0.051 0.058
2 0.655 0.415 0.111 0.104
2 0.537 0.346 0.091 0.075
2 0.466 0.298 0.068 0.087
2 0.618 0.346 0.077 0.083
2 0.717 0.383 0.116 0.108
2 0.784 0.377 0.097 0.071
2 0.865 0.412 0.116 0.075
2 0.172 0.371 0.06 0.058
2 0.172 0.333 0.054 0.042
2 0.168 0.298 0.051 0.037