2 0.303 0.438 0.099 0.15
2 0.403 0.435 0.097 0.096
2 0.574 0.438 0.114 0.133
7 0.486 0.379 0.085 0.1
2 0.361 0.377 0.068 0.071
2 0.438 0.321 0.068 0.075
2 0.324 0.331 0.062 0.062
2 0.655 0.417 0.105 0.1
2 0.714 0.385 0.116 0.096
2 0.618 0.344 0.071 0.062
2 0.538 0.346 0.094 0.083
2 0.464 0.294 0.065 0.062
2 0.297 0.308 0.054 0.058
2 0.277 0.285 0.037 0.054
2 0.168 0.371 0.051 0.05
2 0.165 0.333 0.045 0.033
7 0.376 0.308 0.06 0.067
7 0.342 0.267 0.048 0.075
7 0.425 0.252 0.077 0.054
2 0.786 0.385 0.077 0.071
5 0.92 0.577 0.153 0.296
2 0.172 0.304 0.054 0.05
2 0.872 0.421 0.119 0.083