2 0.301 0.444 0.097 0.146
2 0.403 0.435 0.097 0.096
2 0.359 0.371 0.065 0.075
2 0.324 0.317 0.057 0.067
2 0.297 0.308 0.054 0.067
2 0.575 0.431 0.122 0.138
7 0.482 0.379 0.082 0.1
2 0.435 0.34 0.074 0.113
7 0.372 0.308 0.062 0.067
7 0.335 0.265 0.068 0.071
2 0.645 0.404 0.097 0.092
2 0.537 0.348 0.097 0.079
2 0.463 0.287 0.074 0.058
2 0.716 0.385 0.125 0.113
2 0.618 0.338 0.077 0.075
2 0.862 0.417 0.111 0.075
2 0.781 0.373 0.074 0.062
2 0.175 0.371 0.048 0.05
2 0.17 0.323 0.045 0.054
2 0.168 0.29 0.051 0.029