7 0.173 0.342 0.057 0.083
7 0.166 0.285 0.054 0.071
5 0.636 0.702 0.727 0.596
7 0.534 0.471 0.239 0.292
7 0.736 0.506 0.312 0.321
2 0.882 0.481 0.162 0.154
7 0.693 0.346 0.21 0.167
2 0.814 0.383 0.06 0.058
2 0.338 0.356 0.074 0.079
2 0.294 0.306 0.043 0.054
2 0.389 0.327 0.068 0.071
7 0.344 0.296 0.051 0.058
2 0.574 0.315 0.034 0.054
2 0.459 0.306 0.077 0.062
2 0.402 0.29 0.048 0.037
7 0.375 0.256 0.057 0.071
2 0.493 0.277 0.054 0.046
2 0.456 0.269 0.043 0.046
7 0.416 0.242 0.054 0.058
2 0.251 0.273 0.031 0.037
2 0.311 0.269 0.037 0.037