2 0.17 0.381 0.057 0.054
2 0.169 0.34 0.054 0.054
2 0.168 0.302 0.057 0.046
2 0.303 0.44 0.099 0.154
2 0.403 0.435 0.097 0.096
2 0.358 0.375 0.068 0.075
2 0.322 0.329 0.06 0.075
2 0.293 0.298 0.051 0.046
2 0.264 0.277 0.028 0.037
2 0.577 0.433 0.119 0.133
7 0.482 0.379 0.082 0.1
2 0.44 0.317 0.068 0.067
2 0.658 0.415 0.105 0.104
2 0.717 0.385 0.111 0.113
2 0.54 0.335 0.097 0.071
7 0.374 0.308 0.06 0.075
2 0.612 0.338 0.065 0.067
7 0.344 0.267 0.062 0.05
2 0.879 0.425 0.145 0.092
2 0.786 0.385 0.077 0.079
7 0.429 0.248 0.062 0.029