7 0.173 0.348 0.057 0.087
7 0.166 0.287 0.054 0.075
2 0.408 0.448 0.105 0.113
2 0.358 0.362 0.091 0.133
2 0.301 0.331 0.028 0.062
2 0.287 0.31 0.034 0.054
2 0.567 0.44 0.122 0.121
7 0.602 0.356 0.17 0.188
2 0.503 0.35 0.062 0.067
7 0.385 0.31 0.06 0.062
2 0.449 0.315 0.062 0.054
7 0.693 0.354 0.216 0.183
2 0.81 0.39 0.068 0.079
7 0.415 0.24 0.051 0.062
7 0.259 0.279 0.04 0.05
2 0.328 0.531 0.099 0.138
2 0.487 0.275 0.048 0.05
7 0.391 0.271 0.071 0.083
7 0.325 0.252 0.048 0.079
2 0.284 0.41 0.062 0.079
2 0.438 0.365 0.08 0.079