7 0.173 0.348 0.057 0.087
7 0.166 0.287 0.054 0.075
2 0.393 0.429 0.094 0.1
2 0.347 0.35 0.085 0.125
2 0.301 0.331 0.028 0.062
2 0.287 0.31 0.034 0.054
2 0.513 0.406 0.099 0.104
7 0.601 0.356 0.168 0.188
2 0.496 0.34 0.065 0.054
7 0.385 0.31 0.06 0.062
2 0.449 0.315 0.062 0.054
7 0.693 0.354 0.216 0.183
2 0.81 0.39 0.068 0.079
7 0.415 0.24 0.051 0.062
7 0.257 0.277 0.043 0.046
2 0.305 0.467 0.088 0.108
2 0.487 0.275 0.048 0.05
7 0.391 0.271 0.071 0.083
2 0.945 0.748 0.111 0.204
2 0.433 0.362 0.077 0.075