2 0.635 0.677 0.247 0.279
2 0.334 0.496 0.094 0.108
2 0.29 0.402 0.068 0.071
2 0.244 0.319 0.051 0.062
7 0.311 0.323 0.054 0.054
2 0.277 0.292 0.037 0.042
2 0.253 0.265 0.034 0.037
2 0.497 0.425 0.097 0.108
2 0.413 0.342 0.065 0.067
2 0.342 0.298 0.043 0.037
2 0.321 0.273 0.034 0.046
7 0.832 0.562 0.33 0.442
2 0.604 0.333 0.128 0.117
2 0.524 0.315 0.043 0.062
2 0.486 0.294 0.051 0.054
2 0.449 0.279 0.04 0.042
7 0.393 0.267 0.071 0.092
2 0.168 0.373 0.051 0.054
2 0.166 0.335 0.054 0.046
2 0.169 0.292 0.037 0.033