2 0.886 0.896 0.233 0.2
2 0.361 0.583 0.114 0.158
2 0.314 0.448 0.077 0.096
2 0.256 0.34 0.057 0.079
2 0.578 0.508 0.139 0.158
2 0.462 0.377 0.082 0.079
7 0.327 0.342 0.062 0.067
2 0.288 0.306 0.037 0.037
2 0.369 0.312 0.04 0.042
2 0.335 0.287 0.04 0.042
2 0.303 0.256 0.031 0.037
2 0.253 0.271 0.034 0.042
7 0.415 0.279 0.08 0.092
2 0.482 0.29 0.054 0.062
2 0.527 0.31 0.043 0.071
2 0.604 0.333 0.122 0.125
2 0.732 0.41 0.128 0.087
2 0.875 0.452 0.125 0.113
7 0.947 0.585 0.099 0.321
2 0.173 0.375 0.051 0.05
2 0.173 0.338 0.057 0.05
2 0.173 0.315 0.057 0.071