7 0.175 0.346 0.06 0.083
7 0.166 0.287 0.054 0.075
2 0.942 0.958 0.116 0.083
2 0.141 0.775 0.281 0.258
2 0.362 0.54 0.099 0.129
2 0.581 0.573 0.253 0.338
2 0.422 0.442 0.088 0.1
2 0.337 0.354 0.065 0.083
2 0.293 0.312 0.045 0.05
7 0.266 0.285 0.043 0.054
2 0.628 0.477 0.114 0.121
7 0.447 0.352 0.094 0.087
2 0.372 0.317 0.057 0.058
7 0.328 0.263 0.06 0.1
7 0.631 0.367 0.188 0.2
2 0.51 0.352 0.071 0.071
2 0.46 0.319 0.062 0.062
7 0.398 0.275 0.08 0.092
7 0.697 0.356 0.219 0.188
2 0.812 0.388 0.062 0.083
2 0.494 0.275 0.057 0.058