2 0.174716 0.425 0.0482955 0.0666667
2 0.985795 0.58125 0.0284091 0.1125
2 0.473011 0.385417 0.0653409 0.0541667
2 0.316761 0.602083 0.0880682 0.104167
2 0.403409 0.395833 0.0738636 0.0916667
2 0.289773 0.35 0.0397727 0.0333333
2 0.75 0.510417 0.232955 0.2125
2 0.348011 0.36875 0.0426136 0.0541667
2 0.346591 0.445833 0.0795455 0.0916667
2 0.525568 0.377083 0.0625 0.0541667
2 0.596591 0.410417 0.0795455 0.0708333
2 0.318182 0.527083 0.0909091 0.120833
2 0.640625 0.39375 0.0596591 0.0541667
2 0.549716 0.433333 0.0880682 0.0833333
2 0.505682 0.464583 0.0965909 0.120833
2 0.553977 0.64375 0.159091 0.1625
2 0.288352 0.766667 0.190341 0.283333
2 0.616477 0.5625 0.147727 0.133333
2 0.857955 0.84375 0.284091 0.3125
