2 0.167614 0.297917 0.0340909 0.0458333
2 0.323864 0.333333 0.0511364 0.0583333
2 0.319602 0.279167 0.03125 0.0333333
2 0.954545 0.533333 0.0909091 0.141667
2 0.519886 0.354167 0.0795455 0.0833333
2 0.362216 0.366667 0.0710227 0.075
2 0.703125 0.391667 0.110795 0.0916667
2 0.27983 0.304167 0.0426136 0.0416667
2 0.622159 0.414583 0.113636 0.0958333
2 0.590909 0.341667 0.0852273 0.075
2 0.502841 0.302083 0.0568182 0.0458333
2 0.414773 0.341667 0.0681818 0.0666667
2 0.534091 0.4375 0.113636 0.108333
2 0.356534 0.3 0.0426136 0.05
2 0.379261 0.454167 0.105114 0.15
2 0.43608 0.310417 0.0539773 0.0458333
