2 0.173295 0.40625 0.0397727 0.0541667
2 0.502841 0.347917 0.0454545 0.0375
2 0.625 0.4125 0.107955 0.0833333
2 0.272727 0.341667 0.0340909 0.0416667
2 0.370739 0.339583 0.0369318 0.0375
2 0.201705 0.4375 0.0511364 0.075
2 0.954545 0.558333 0.0852273 0.0916667
2 0.965909 0.65625 0.0681818 0.195833
2 0.475852 0.464583 0.09375 0.120833
2 0.535511 0.385417 0.0653409 0.0541667
2 0.473011 0.358333 0.0482955 0.0416667
2 0.586648 0.454167 0.105114 0.0916667
2 0.348011 0.425 0.0596591 0.075
2 0.417614 0.414583 0.0511364 0.0625
2 0.451705 0.383333 0.0568182 0.05
2 0.75 0.485417 0.136364 0.104167
2 0.284091 0.389583 0.0454545 0.0541667
2 0.538352 0.622917 0.150568 0.154167
2 0.883523 0.7875 0.232955 0.266667
