2 0.981534 0.654167 0.0369318 0.183333
2 0.806818 0.44375 0.130682 0.104167
2 0.3125 0.4125 0.0454545 0.0666667
2 0.272727 0.341667 0.0340909 0.0416667
2 0.642045 0.397917 0.0795455 0.0625
2 0.538352 0.389583 0.0710227 0.0791667
7 0.536932 0.34375 0.0909091 0.0958333
2 0.302557 0.38125 0.0369318 0.0458333
2 0.176136 0.439583 0.0568182 0.0875
2 0.616477 0.435417 0.0909091 0.0791667
2 0.484375 0.366667 0.0482955 0.05
2 0.386364 0.36875 0.0511364 0.0375
2 0.903409 0.5375 0.164773 0.133333
2 0.742898 0.616667 0.196023 0.208333
2 0.765625 0.475 0.122159 0.108333
5 0.492898 0.591667 0.349432 0.425
