2 0.146307 0.302083 0.03125 0.0458333
2 0.275568 0.347917 0.0397727 0.0625
2 0.539773 0.34375 0.0852273 0.0625
7 0.321023 0.360417 0.0738636 0.0958333
2 0.0667614 0.541667 0.0880682 0.133333
2 0.0568182 0.452083 0.0738636 0.120833
2 0.512784 0.420833 0.110795 0.108333
2 0.0553977 0.383333 0.0482955 0.0583333
2 0.247159 0.329167 0.0454545 0.05
2 0.201705 0.35625 0.0681818 0.0875
2 0.169034 0.314583 0.0369318 0.0458333
2 0.612216 0.3625 0.0823864 0.075
2 0.24858 0.402083 0.0710227 0.104167
2 0.421875 0.416667 0.133523 0.166667
2 0.579545 0.404167 0.107955 0.0916667
2 0.326705 0.472917 0.113636 0.145833
