2 0.0582386 0.35 0.0369318 0.0333333
2 0.25142 0.341667 0.0596591 0.0666667
2 0.139205 0.295833 0.0284091 0.0333333
2 0.0553977 0.385417 0.0482955 0.0541667
2 0.612216 0.366667 0.0823864 0.075
2 0.413352 0.335417 0.0596591 0.0458333
2 0.0553977 0.454167 0.0767045 0.125
2 0.485795 0.327083 0.0511364 0.0458333
2 0.174716 0.325 0.0369318 0.0583333
2 0.31392 0.38125 0.0767045 0.0958333
2 0.295455 0.45625 0.0909091 0.104167
2 0.0653409 0.545833 0.0852273 0.133333
2 0.18892 0.527083 0.0823864 0.129167
2 0.548295 0.377083 0.113636 0.1125
5 0.306818 0.295833 0.113636 0.0916667
2 0.37358 0.420833 0.110795 0.108333
2 0.196023 0.43125 0.0681818 0.0791667
2 0.465909 0.395833 0.0965909 0.0916667
2 0.146307 0.397917 0.0539773 0.0708333
2 0.235795 0.395833 0.0681818 0.0666667
2 0.204545 0.358333 0.0511364 0.0583333
