2 0.541193 0.322917 0.0596591 0.0541667
2 0.643466 0.333333 0.0767045 0.0666667
2 0.6875 0.352083 0.0340909 0.0541667
2 0.272727 0.2875 0.0340909 0.0416667
2 0.352273 0.391667 0.0795455 0.108333
2 0.572443 0.304167 0.0596591 0.0416667
2 0.40625 0.329167 0.0738636 0.1
2 0.464489 0.329167 0.0539773 0.0583333
2 0.306818 0.333333 0.0511364 0.0666667
2 0.600852 0.354167 0.0880682 0.075
2 0.454545 0.441667 0.0965909 0.0833333
5 0.849432 0.410417 0.295455 0.270833
2 0.478693 0.391667 0.09375 0.1
2 0.700284 0.452083 0.150568 0.1125
2 0.670455 0.516667 0.159091 0.141667
5 0.673295 0.73125 0.653409 0.529167
