2 0.421875 0.34375 0.0426136 0.0458333
2 0.372159 0.354167 0.0397727 0.0416667
2 0.423295 0.427083 0.0738636 0.0791667
2 0.446023 0.39375 0.0511364 0.0541667
2 0.732955 0.466667 0.113636 0.116667
2 0.643466 0.397917 0.0767045 0.0625
2 0.28267 0.370833 0.0426136 0.05
2 0.583807 0.379167 0.0596591 0.05
2 0.178977 0.452083 0.0568182 0.0625
2 0.568182 0.495833 0.102273 0.1
2 0.802557 0.445833 0.139205 0.108333
2 0.487216 0.364583 0.0539773 0.0541667
2 0.34517 0.370833 0.0482955 0.05
2 0.171875 0.385417 0.0369318 0.0458333
2 0.336648 0.845833 0.184659 0.291667
2 0.674716 0.483333 0.144886 0.125
2 0.535511 0.591667 0.184659 0.216667
2 0.544034 0.389583 0.0653409 0.0541667
2 0.860795 0.572917 0.153409 0.1625
