7 0.386364 0.33125 0.0681818 0.0875
2 0.714489 0.410417 0.110795 0.0791667
2 0.336648 0.420833 0.0426136 0.0583333
2 0.484375 0.364583 0.0369318 0.0458333
2 0.1875 0.395833 0.0340909 0.05
2 0.176136 0.429167 0.0454545 0.0666667
2 0.426136 0.360417 0.0568182 0.0458333
7 0.353693 0.345833 0.0823864 0.108333
2 0.805398 0.529167 0.213068 0.191667
2 0.323864 0.397917 0.0454545 0.0541667
2 0.365057 0.46875 0.0823864 0.120833
7 0.602273 0.379167 0.142045 0.15
7 0.556818 0.408333 0.119318 0.141667
2 0.475852 0.397917 0.0539773 0.0625
2 0.431818 0.408333 0.0795455 0.0916667
2 0.522727 0.485417 0.107955 0.104167
2 0.497159 0.602083 0.176136 0.220833
2 0.757102 0.654167 0.213068 0.183333
