2 0.566761 0.335417 0.0767045 0.0791667
2 0.167614 0.297917 0.0340909 0.0458333
2 0.383523 0.31875 0.0397727 0.0458333
2 0.887784 0.733333 0.224432 0.283333
5 0.267045 0.35 0.119318 0.183333
2 0.5 0.4 0.0965909 0.1
2 0.504261 0.35 0.0710227 0.0666667
2 0.453125 0.30625 0.0482955 0.0541667
2 0.380682 0.385417 0.0795455 0.0875
2 0.663352 0.36875 0.0994318 0.0791667
2 0.900568 0.564583 0.198864 0.1625
2 0.340909 0.345833 0.0511364 0.0583333
2 0.423295 0.34375 0.0625 0.0708333
2 0.393466 0.502083 0.110795 0.179167
2 0.630682 0.404167 0.107955 0.108333
