2 0.0596591 0.383333 0.0454545 0.05
2 0.0568182 0.35 0.0454545 0.05
2 0.352273 0.335417 0.0625 0.0458333
2 0.0681818 0.541667 0.0852273 0.133333
2 0.241477 0.322917 0.0454545 0.0541667
2 0.261364 0.433333 0.0795455 0.0833333
2 0.0596591 0.447917 0.0738636 0.120833
2 0.323864 0.383333 0.0681818 0.0666667
2 0.559659 0.4375 0.113636 0.1
2 0.433239 0.435417 0.105114 0.0958333
2 0.703125 0.65625 0.252841 0.220833
2 0.647727 0.4125 0.119318 0.1
2 0.87642 0.916667 0.247159 0.166667
2 0.382102 0.63125 0.167614 0.1875
2 0.856534 0.579167 0.247159 0.191667
