2 0.0596591 0.34375 0.0340909 0.0291667
2 0.613636 0.3625 0.0852273 0.075
2 0.0653409 0.54375 0.0852273 0.129167
2 0.0568182 0.45 0.0738636 0.125
2 0.0553977 0.383333 0.0482955 0.0583333
2 0.136364 0.285417 0.0340909 0.0375
2 0.228693 0.3125 0.0369318 0.0416667
2 0.87358 0.829167 0.252841 0.333333
2 0.184659 0.514583 0.0965909 0.154167
5 0.490057 0.345833 0.201705 0.158333
2 0.977273 0.520833 0.0454545 0.125
2 0.359375 0.383333 0.0823864 0.0833333
2 0.301136 0.304167 0.0511364 0.0416667
2 0.268466 0.4375 0.0767045 0.0916667
2 0.169034 0.314583 0.0369318 0.0375
2 0.207386 0.335417 0.0511364 0.0458333
2 0.544034 0.716667 0.207386 0.225
2 0.330966 0.327083 0.0539773 0.0458333
2 0.366477 0.545833 0.136364 0.166667
2 0.458807 0.45 0.127841 0.133333
