2 0.308239 0.391667 0.0426136 0.05
2 0.443182 0.372917 0.0454545 0.0541667
2 0.43892 0.420833 0.0539773 0.0416667
2 0.262784 0.447917 0.0426136 0.0708333
2 0.507102 0.385417 0.0653409 0.0625
7 0.397727 0.383333 0.0681818 0.0833333
2 0.607955 0.416667 0.0909091 0.075
2 0.649148 0.4 0.0653409 0.0583333
2 0.25142 0.3625 0.0426136 0.0416667
2 0.288352 0.36875 0.0426136 0.0458333
2 0.571023 0.441667 0.0965909 0.1
2 0.296875 0.4875 0.09375 0.116667
2 0.173295 0.385417 0.0340909 0.0458333
2 0.515625 0.483333 0.116477 0.116667
2 0.355114 0.454167 0.0681818 0.075
2 0.178977 0.45 0.0568182 0.0666667
2 0.803977 0.445833 0.130682 0.108333
2 0.450284 0.5125 0.127841 0.158333
2 0.696023 0.51875 0.159091 0.154167
2 0.245739 0.414583 0.0482955 0.0625
