2 0.612216 0.41875 0.0767045 0.0708333
2 0.578125 0.379167 0.0539773 0.05
2 0.431818 0.422917 0.0568182 0.0458333
2 0.289773 0.36875 0.0340909 0.0458333
2 0.25142 0.40625 0.0539773 0.0625
2 0.504261 0.375 0.0539773 0.05
2 0.419034 0.483333 0.110795 0.133333
2 0.521307 0.4125 0.0539773 0.0666667
2 0.59233 0.464583 0.122159 0.120833
2 0.306818 0.391667 0.0397727 0.05
2 0.81108 0.445833 0.122159 0.108333
2 0.49858 0.470833 0.105114 0.108333
2 0.173295 0.385417 0.0340909 0.0458333
2 0.178977 0.452083 0.0568182 0.0708333
2 0.34233 0.454167 0.0539773 0.075
