2 0.0610795 0.341667 0.03125 0.0333333
2 0.0568182 0.38125 0.0454545 0.0541667
2 0.0625 0.541667 0.0852273 0.133333
2 0.247159 0.29375 0.0340909 0.0291667
2 0.153409 0.297917 0.0340909 0.0375
2 0.389205 0.291667 0.0511364 0.0416667
2 0.0568182 0.452083 0.0738636 0.120833
2 0.609375 0.366667 0.0880682 0.0666667
2 0.177557 0.56875 0.110795 0.154167
2 0.291193 0.3125 0.0482955 0.0416667
2 0.481534 0.327083 0.0539773 0.0458333
2 0.84517 0.5 0.235795 0.175
2 0.230114 0.325 0.0454545 0.0416667
2 0.536932 0.341667 0.0681818 0.05
2 0.43608 0.38125 0.09375 0.0875
2 0.544034 0.68125 0.241477 0.254167
