7 0.176136 0.425 0.0625 0.1
2 0.694602 0.41875 0.0823864 0.0708333
5 0.264205 0.422917 0.107955 0.1625
2 0.609375 0.427083 0.110795 0.0875
2 0.383523 0.397917 0.0454545 0.0625
2 0.737216 0.477083 0.110795 0.104167
2 0.90767 0.91875 0.184659 0.1625
2 0.428977 0.520833 0.0965909 0.108333
2 0.346591 0.360417 0.0511364 0.0541667
7 0.461648 0.4125 0.122159 0.158333
2 0.634943 0.5 0.105114 0.108333
2 0.352273 0.433333 0.0625 0.0666667
2 0.802557 0.445833 0.127841 0.108333
2 0.122159 0.822917 0.244318 0.2875
