2 0.177557 0.379167 0.0369318 0.0416667
2 0.455966 0.352083 0.0994318 0.1375
2 0.971591 0.63125 0.0568182 0.1375
2 0.221591 0.310417 0.0397727 0.0458333
2 0.298295 0.314583 0.0511364 0.0541667
2 0.569602 0.333333 0.0767045 0.0666667
2 0.24858 0.35625 0.0539773 0.0708333
2 0.948864 0.495833 0.102273 0.133333
2 0.640625 0.33125 0.0653409 0.0541667
2 0.744318 0.40625 0.125 0.0958333
2 0.514205 0.347917 0.0625 0.0625
2 0.481534 0.477083 0.122159 0.120833
2 0.379261 0.314583 0.0539773 0.0541667
2 0.661932 0.6875 0.238636 0.258333
