5 0.865057 0.94375 0.269886 0.1125
2 0.166193 0.297917 0.03125 0.0458333
2 0.512784 0.34375 0.0710227 0.0541667
2 0.548295 0.316667 0.0568182 0.05
2 0.309659 0.495833 0.0909091 0.108333
2 0.480114 0.3 0.0454545 0.0416667
2 0.306818 0.314583 0.0397727 0.0541667
5 0.25142 0.320833 0.09375 0.15
2 0.367898 0.383333 0.0767045 0.108333
2 0.704545 0.354167 0.0909091 0.0666667
2 0.420455 0.4375 0.0965909 0.125
2 0.578125 0.38125 0.09375 0.0958333
2 0.319602 0.627083 0.122159 0.220833
2 0.286932 0.41875 0.0681818 0.0875
2 0.329545 0.35 0.0454545 0.0583333
2 0.460227 0.325 0.0625 0.0583333
2 0.423295 0.35625 0.0681818 0.0625
2 0.53125 0.410417 0.102273 0.120833
2 0.755682 0.408333 0.119318 0.0916667
