2 0.397727 0.2625 0.0397727 0.0333333
2 0.3125 0.279167 0.0397727 0.0416667
2 0.707386 0.383333 0.113636 0.0833333
7 0.170455 0.358333 0.0511364 0.075
2 0.261364 0.2875 0.0340909 0.0333333
2 0.473011 0.295833 0.0539773 0.05
2 0.640625 0.33125 0.0823864 0.0625
2 0.37642 0.283333 0.0426136 0.0333333
2 0.299716 0.34375 0.0539773 0.0625
2 0.440341 0.314583 0.0625 0.0541667
2 0.505682 0.354167 0.0909091 0.0916667
2 0.487216 0.408333 0.09375 0.1
2 0.575284 0.34375 0.0767045 0.0708333
2 0.46733 0.504167 0.127841 0.158333
2 0.72017 0.458333 0.173295 0.158333
2 0.869318 0.472917 0.170455 0.120833
2 0.383523 0.325 0.0568182 0.0583333
2 0.862216 0.691667 0.275568 0.241667
