2 0.318182 0.335417 0.0284091 0.0291667
7 0.950284 0.539583 0.0880682 0.1625
2 0.484375 0.404167 0.0767045 0.075
2 0.4375 0.41875 0.0852273 0.0958333
7 0.548295 0.372917 0.0852273 0.0791667
2 0.923295 0.870833 0.153409 0.258333
2 0.295455 0.377083 0.0511364 0.0625
2 0.802557 0.439583 0.133523 0.0958333
2 0.173295 0.385417 0.0340909 0.0458333
2 0.363636 0.375 0.0454545 0.05
2 0.370739 0.466667 0.0767045 0.0916667
2 0.180398 0.45 0.0539773 0.0666667
2 0.31392 0.61875 0.105114 0.179167
2 0.252841 0.84375 0.261364 0.3125
2 0.823864 0.508333 0.142045 0.108333
2 0.609375 0.445833 0.133523 0.133333
2 0.480114 0.558333 0.147727 0.175
2 0.575284 0.5125 0.144886 0.158333
2 0.806818 0.577083 0.181818 0.154167
2 0.329545 0.4125 0.0568182 0.0583333
