2 0.363636 0.279167 0.0397727 0.0333333
2 0.285511 0.297917 0.03125 0.0375
2 0.473011 0.291667 0.0539773 0.0416667
2 0.319602 0.460417 0.0823864 0.1125
2 0.377841 0.36875 0.0738636 0.0875
2 0.948864 0.495833 0.102273 0.158333
2 0.315341 0.320833 0.0511364 0.05
2 0.818182 0.822917 0.363636 0.354167
2 0.477273 0.33125 0.0625 0.0541667
2 0.440341 0.458333 0.107955 0.116667
2 0.826705 0.402083 0.0454545 0.0458333
2 0.390625 0.329167 0.0596591 0.0583333
2 0.265625 0.36875 0.0539773 0.0625
2 0.494318 0.4 0.0965909 0.108333
2 0.65625 0.429167 0.125 0.125
5 0.68892 0.354167 0.241477 0.191667
2 0.47017 0.683333 0.190341 0.25
2 0.539773 0.322917 0.0568182 0.0625
