7 0.379261 0.327083 0.0482955 0.0541667
2 0.355114 0.3 0.0397727 0.05
2 0.518466 0.285417 0.0710227 0.0625
2 0.518466 0.339583 0.0653409 0.0541667
2 0.40483 0.3 0.0369318 0.0416667
7 0.31392 0.329167 0.0710227 0.1
7 0.28125 0.272917 0.0681818 0.120833
7 0.369318 0.266667 0.0511364 0.05
7 0.167614 0.322917 0.0511364 0.0791667
2 0.413352 0.427083 0.0994318 0.129167
2 0.434659 0.352083 0.0625 0.0708333
2 0.59517 0.389583 0.110795 0.1125
2 0.721591 0.385417 0.125 0.1125
2 0.322443 0.483333 0.09375 0.125
2 0.34233 0.38125 0.0596591 0.0708333
2 0.507102 0.40625 0.110795 0.120833
