2 0.640625 0.425 0.0823864 0.075
2 0.34517 0.408333 0.0539773 0.0583333
2 0.56392 0.391667 0.0710227 0.0583333
2 0.171875 0.4125 0.0426136 0.0416667
2 0.326705 0.454167 0.0681818 0.0666667
2 0.454545 0.4375 0.0681818 0.0666667
2 0.292614 0.5125 0.0681818 0.1
2 0.296875 0.377083 0.0426136 0.0458333
2 0.419034 0.404167 0.0482955 0.05
2 0.336648 0.579167 0.105114 0.15
2 0.372159 0.372917 0.0454545 0.0541667
2 0.535511 0.4875 0.105114 0.1
2 0.815341 0.4625 0.113636 0.0833333
2 0.732955 0.466667 0.113636 0.108333
2 0.450284 0.520833 0.110795 0.133333
2 0.681818 0.497917 0.130682 0.104167
2 0.392045 0.46875 0.0625 0.0875
2 0.528409 0.875 0.4375 0.25
