2 0.612216 0.339583 0.0880682 0.0625
2 0.50142 0.3 0.0482955 0.05
2 0.546875 0.358333 0.0653409 0.075
2 0.643466 0.329167 0.0653409 0.0583333
2 0.31392 0.322917 0.0596591 0.0625
2 0.380682 0.385417 0.0681818 0.0708333
2 0.355114 0.44375 0.0852273 0.129167
2 0.366477 0.3125 0.0454545 0.05
2 0.416193 0.335417 0.0653409 0.0791667
2 0.27983 0.377083 0.0596591 0.0791667
2 0.441761 0.375 0.0539773 0.075
2 0.62642 0.402083 0.116477 0.1125
2 0.759943 0.408333 0.127841 0.1
2 0.505682 0.40625 0.102273 0.120833
