2 0.46875 0.34375 0.0511364 0.0458333
2 0.173295 0.385417 0.0340909 0.0458333
2 0.177557 0.454167 0.0596591 0.075
2 0.410511 0.6375 0.116477 0.2
2 0.278409 0.404167 0.0454545 0.0583333
2 0.684659 0.45 0.107955 0.108333
2 0.315341 0.5625 0.0909091 0.133333
7 0.403409 0.435417 0.170455 0.204167
2 0.805398 0.44375 0.139205 0.104167
7 0.568182 0.366667 0.142045 0.15
2 0.738636 0.620833 0.1875 0.183333
2 0.59517 0.477083 0.110795 0.0958333
2 0.862216 0.539583 0.173295 0.120833
2 0.558239 0.610417 0.15625 0.154167
2 0.197443 0.841667 0.286932 0.316667
