2 0.25142 0.35625 0.0426136 0.0541667
2 0.448864 0.379167 0.0511364 0.0583333
2 0.505682 0.38125 0.0625 0.0541667
2 0.650568 0.395833 0.0625 0.0583333
2 0.431818 0.416667 0.0511364 0.0416667
2 0.308239 0.391667 0.0426136 0.05
2 0.289773 0.479167 0.0965909 0.133333
2 0.546875 0.433333 0.0710227 0.1
2 0.612216 0.4125 0.0823864 0.0666667
2 0.580966 0.375 0.0596591 0.05
2 0.288352 0.36875 0.0426136 0.0458333
2 0.708807 0.4625 0.110795 0.1
2 0.34517 0.452083 0.0596591 0.0791667
2 0.649148 0.49375 0.139205 0.1375
2 0.427557 0.489583 0.110795 0.1375
2 0.5 0.470833 0.113636 0.108333
2 0.171875 0.385417 0.0369318 0.0458333
2 0.178977 0.45 0.0568182 0.0666667
2 0.805398 0.447917 0.133523 0.120833
2 0.244318 0.414583 0.0454545 0.0625
