2 0.642045 0.4 0.0852273 0.0666667
2 0.96875 0.591667 0.0625 0.1
2 0.34375 0.35625 0.0397727 0.0458333
2 0.392045 0.39375 0.0568182 0.0541667
2 0.393466 0.470833 0.0823864 0.1
2 0.514205 0.4125 0.0795455 0.075
2 0.174716 0.385417 0.0369318 0.0458333
2 0.474432 0.4375 0.0852273 0.116667
2 0.46733 0.360417 0.0539773 0.0458333
2 0.353693 0.727083 0.139205 0.2125
2 0.278409 0.464583 0.0681818 0.0875
2 0.792614 0.445833 0.159091 0.108333
2 0.180398 0.45 0.0539773 0.0666667
2 0.732955 0.475 0.119318 0.1
2 0.12642 0.9 0.252841 0.2
2 0.348011 0.414583 0.0653409 0.0791667
2 0.56108 0.502083 0.122159 0.129167
2 0.642045 0.477083 0.119318 0.120833
2 0.294034 0.372917 0.0426136 0.0541667
