2 0.173295 0.35625 0.0340909 0.0625
2 0.274148 0.464583 0.0596591 0.0791667
7 0.325284 0.379167 0.116477 0.141667
2 0.369318 0.4625 0.0738636 0.0833333
2 0.517045 0.38125 0.0568182 0.0541667
2 0.174716 0.425 0.0482955 0.0666667
2 0.806818 0.452083 0.107955 0.0625
2 0.268466 0.422917 0.0539773 0.0625
2 0.316761 0.5375 0.09375 0.133333
7 0.43892 0.385417 0.116477 0.145833
2 0.671875 0.441667 0.105114 0.1
2 0.461648 0.54375 0.116477 0.1375
2 0.573864 0.489583 0.147727 0.170833
2 0.846591 0.522917 0.170455 0.120833
