2 0.964489 0.577083 0.0653409 0.129167
2 0.423295 0.364583 0.0511364 0.0541667
2 0.433239 0.4375 0.0767045 0.0916667
2 0.792614 0.433333 0.107955 0.0833333
7 0.31392 0.364583 0.0767045 0.120833
2 0.463068 0.35625 0.0397727 0.0458333
2 0.572443 0.533333 0.127841 0.116667
7 0.56392 0.416667 0.178977 0.183333
2 0.180398 0.45 0.0539773 0.0666667
2 0.453125 0.4 0.0426136 0.0583333
2 0.173295 0.385417 0.0397727 0.0458333
2 0.37642 0.383333 0.0539773 0.05
2 0.586648 0.65625 0.190341 0.2125
2 0.836648 0.508333 0.15625 0.141667
