2 0.526989 0.4125 0.0823864 0.0833333
2 0.792614 0.447917 0.164773 0.1125
2 0.484375 0.44375 0.0823864 0.129167
2 0.558239 0.49375 0.116477 0.1125
2 0.292614 0.491667 0.0795455 0.116667
2 0.737216 0.472917 0.116477 0.0958333
2 0.40483 0.485417 0.0880682 0.1125
2 0.417614 0.416667 0.0568182 0.0583333
2 0.31392 0.397917 0.0482955 0.0625
2 0.173295 0.385417 0.0397727 0.0458333
2 0.178977 0.454167 0.0568182 0.0666667
2 0.0795455 0.945833 0.159091 0.108333
2 0.365057 0.435417 0.0653409 0.0875
2 0.650568 0.477083 0.125 0.1125
