2 0.816761 0.45625 0.122159 0.0708333
2 0.569602 0.475 0.105114 0.133333
2 0.18892 0.397917 0.03125 0.0458333
7 0.363636 0.34375 0.0738636 0.0791667
2 0.494318 0.345833 0.0511364 0.0416667
2 0.419034 0.460417 0.133523 0.179167
2 0.43892 0.366667 0.0482955 0.0416667
2 0.576705 0.36875 0.0625 0.0458333
2 0.634943 0.397917 0.09375 0.0625
5 0.338068 0.541667 0.210227 0.3
7 0.946023 0.597917 0.102273 0.3125
7 0.420455 0.304167 0.0625 0.0583333
2 0.174716 0.427083 0.0482955 0.0625
2 0.62642 0.5375 0.133523 0.141667
2 0.715909 0.4125 0.0965909 0.075
2 0.853693 0.535417 0.0994318 0.120833
2 0.525568 0.375 0.0625 0.05
2 0.497159 0.445833 0.0511364 0.075
2 0.744318 0.516667 0.193182 0.175
2 0.31108 0.866667 0.34375 0.266667
2 0.882102 0.797917 0.235795 0.279167
