7 0.230114 0.347917 0.0681818 0.1125
7 0.625 0.64375 0.363636 0.4125
2 0.173295 0.385417 0.0340909 0.0458333
2 0.528409 0.410417 0.0625 0.0458333
2 0.81108 0.447917 0.122159 0.1125
2 0.454545 0.38125 0.0568182 0.0541667
2 0.346591 0.727083 0.125 0.220833
2 0.298295 0.375 0.0454545 0.05
2 0.387784 0.491667 0.0880682 0.1
2 0.178977 0.45 0.0568182 0.0666667
2 0.325284 0.552083 0.09375 0.145833
2 0.352273 0.41875 0.0625 0.0625
7 0.659091 0.397917 0.198864 0.179167
2 0.791193 0.55625 0.167614 0.1625
2 0.146307 0.885417 0.292614 0.229167
