2 0.262784 0.36875 0.03125 0.0291667
2 0.495739 0.347917 0.0539773 0.0375
2 0.964489 0.51875 0.0653409 0.1125
2 0.644886 0.397917 0.0738636 0.0541667
2 0.443182 0.377083 0.0511364 0.0541667
2 0.598011 0.683333 0.184659 0.183333
2 0.363636 0.460417 0.0738636 0.0958333
2 0.497159 0.483333 0.0965909 0.1
2 0.5625 0.447917 0.102273 0.0791667
2 0.494318 0.402083 0.0625 0.0625
2 0.389205 0.3875 0.0568182 0.0583333
2 0.90483 0.558333 0.184659 0.125
2 0.71733 0.502083 0.144886 0.104167
2 0.325284 0.391667 0.0482955 0.0583333
