2 0.473011 0.29375 0.0482955 0.0458333
2 0.299716 0.322917 0.0369318 0.0458333
2 0.485795 0.3375 0.0625 0.05
2 0.704545 0.352083 0.0852273 0.0625
7 0.414773 0.245833 0.0568182 0.0833333
5 0.244318 0.316667 0.0909091 0.141667
2 0.463068 0.377083 0.0738636 0.0875
2 0.549716 0.364583 0.0823864 0.0875
2 0.332386 0.35 0.0511364 0.0666667
2 0.367898 0.30625 0.0426136 0.0458333
2 0.65625 0.36875 0.0965909 0.0875
2 0.518466 0.30625 0.0539773 0.0458333
2 0.53267 0.4375 0.110795 0.108333
2 0.762784 0.414583 0.122159 0.0958333
2 0.379261 0.45625 0.0994318 0.145833
2 0.410511 0.335417 0.0596591 0.0708333
2 0.627841 0.41875 0.113636 0.0958333
