5 0.258523 0.410417 0.102273 0.170833
7 0.390625 0.31875 0.0710227 0.0708333
2 0.465909 0.352083 0.0454545 0.0541667
2 0.335227 0.4125 0.0454545 0.0583333
2 0.319602 0.39375 0.0426136 0.0541667
2 0.441761 0.43125 0.0596591 0.0625
2 0.18608 0.397917 0.0369318 0.0458333
7 0.353693 0.339583 0.0823864 0.1125
7 0.572443 0.347917 0.122159 0.104167
2 0.816761 0.4625 0.110795 0.0916667
2 0.421875 0.358333 0.0539773 0.05
2 0.173295 0.427083 0.0511364 0.0625
2 0.727273 0.458333 0.113636 0.116667
7 0.52983 0.39375 0.0994318 0.129167
2 0.40483 0.397917 0.0653409 0.0708333
2 0.521307 0.489583 0.105114 0.104167
2 0.642045 0.458333 0.142045 0.15
2 0.463068 0.4 0.0511364 0.0666667
2 0.420455 0.5125 0.119318 0.158333
2 0.353693 0.466667 0.0653409 0.1
