2 0.802557 0.43125 0.133523 0.0875
2 0.451705 0.35 0.0511364 0.05
2 0.28125 0.358333 0.0397727 0.0416667
2 0.386364 0.377083 0.0738636 0.0875
2 0.426136 0.36875 0.0340909 0.0458333
2 0.522727 0.372917 0.0625 0.0458333
2 0.269886 0.46875 0.0681818 0.0958333
2 0.522727 0.408333 0.0852273 0.075
2 0.305398 0.60625 0.0880682 0.145833
2 0.627841 0.414583 0.102273 0.104167
2 0.177557 0.439583 0.0596591 0.0875
2 0.316761 0.389583 0.0539773 0.0625
2 0.25 0.379167 0.0454545 0.05
2 0.440341 0.497917 0.0965909 0.104167
2 0.258523 0.414583 0.0511364 0.0541667
2 0.869318 0.5125 0.147727 0.116667
7 0.535511 0.345833 0.09375 0.1
2 0.355114 0.429167 0.0681818 0.0666667
2 0.298295 0.783333 0.142045 0.25
2 0.728693 0.46875 0.122159 0.1125
2 0.599432 0.533333 0.125 0.141667
