2 0.306818 0.314583 0.0397727 0.0541667
5 0.24858 0.320833 0.0994318 0.15
2 0.390625 0.322917 0.0426136 0.0458333
2 0.515625 0.339583 0.0653409 0.0458333
2 0.546875 0.316667 0.0596591 0.05
2 0.705966 0.352083 0.09375 0.0708333
2 0.167614 0.297917 0.0340909 0.0458333
2 0.416193 0.297917 0.0369318 0.0458333
2 0.31392 0.5 0.0880682 0.116667
2 0.481534 0.3 0.0482955 0.0416667
2 0.367898 0.383333 0.0767045 0.108333
2 0.578125 0.38125 0.09375 0.0958333
2 0.423295 0.358333 0.0681818 0.0666667
2 0.360795 0.30625 0.0397727 0.0541667
2 0.286932 0.422917 0.0681818 0.0958333
2 0.419034 0.435417 0.09375 0.129167
2 0.328125 0.35 0.0426136 0.0583333
2 0.53267 0.40625 0.105114 0.129167
2 0.319602 0.63125 0.116477 0.220833
2 0.757102 0.410417 0.122159 0.0875
2 0.461648 0.325 0.0653409 0.0583333
