2 0.365057 0.314583 0.0369318 0.0458333
2 0.491477 0.295833 0.0568182 0.05
2 0.382102 0.3875 0.0482955 0.075
2 0.56392 0.325 0.0653409 0.0583333
2 0.433239 0.3 0.0482955 0.05
2 0.46733 0.329167 0.0426136 0.05
2 0.795455 0.3875 0.107955 0.0833333
2 0.451705 0.360417 0.0681818 0.0708333
2 0.521307 0.347917 0.0823864 0.0708333
2 0.522727 0.420833 0.107955 0.1
2 0.610795 0.4 0.107955 0.0916667
5 0.301136 0.397917 0.170455 0.2375
2 0.447443 0.439583 0.0994318 0.104167
2 0.72017 0.397917 0.116477 0.0958333
2 0.740057 0.810417 0.383523 0.2875
