5 0.365057 0.733333 0.730114 0.533333
2 0.284091 0.3 0.0397727 0.05
2 0.704545 0.35 0.0738636 0.05
2 0.453125 0.3 0.0596591 0.0416667
2 0.50142 0.289583 0.0596591 0.0458333
2 0.357955 0.291667 0.0568182 0.075
2 0.59375 0.34375 0.0795455 0.0791667
2 0.639205 0.41875 0.119318 0.120833
2 0.799716 0.3875 0.105114 0.0833333
2 0.259943 0.39375 0.0880682 0.0958333
2 0.430398 0.358333 0.0653409 0.0833333
2 0.399148 0.322917 0.0482955 0.0625
2 0.639205 0.333333 0.0568182 0.0583333
2 0.372159 0.377083 0.0625 0.0625
2 0.400568 0.44375 0.0965909 0.1125
2 0.747159 0.40625 0.119318 0.104167
2 0.328125 0.345833 0.0539773 0.0666667
