2 0.43608 0.277083 0.0482955 0.0458333
7 0.417614 0.2375 0.0511364 0.0666667
2 0.169034 0.31875 0.0369318 0.0458333
2 0.65767 0.364583 0.116477 0.1125
5 0.0909091 0.739583 0.181818 0.5125
2 0.316761 0.275 0.0369318 0.0416667
2 0.43892 0.372917 0.0710227 0.0791667
2 0.586648 0.377083 0.116477 0.120833
2 0.389205 0.29375 0.0511364 0.0458333
2 0.34233 0.360417 0.0596591 0.0708333
2 0.352273 0.310417 0.0568182 0.0541667
2 0.490057 0.31875 0.0823864 0.0625
2 0.267045 0.283333 0.0340909 0.0333333
2 0.444602 0.470833 0.110795 0.125
2 0.521307 0.414583 0.110795 0.120833
2 0.818182 0.429167 0.142045 0.116667
