7 0.416193 0.239583 0.0539773 0.0708333
2 0.392045 0.285417 0.0397727 0.0375
2 0.697443 0.345833 0.0710227 0.0416667
2 0.565341 0.320833 0.0681818 0.0666667
2 0.494318 0.295833 0.0625 0.05
2 0.433239 0.3 0.0482955 0.05
2 0.47017 0.329167 0.0426136 0.05
2 0.365057 0.308333 0.0369318 0.05
2 0.521307 0.416667 0.0994318 0.0916667
2 0.401989 0.333333 0.0596591 0.0666667
2 0.791193 0.3875 0.116477 0.0833333
2 0.451705 0.360417 0.0681818 0.0708333
2 0.441761 0.435417 0.0994318 0.104167
2 0.522727 0.347917 0.0795455 0.0708333
2 0.612216 0.402083 0.105114 0.0958333
5 0.299716 0.397917 0.173295 0.2375
2 0.72017 0.397917 0.116477 0.0958333
