2 0.161932 0.3125 0.0511364 0.075
0 0.255682 0.389583 0.0227273 0.0875
9 0.308239 0.185417 0.0198864 0.0625
0 0.295455 0.447917 0.0340909 0.0958333
2 0.97017 0.847917 0.0596591 0.254167
0 0.15483 0.41875 0.0369318 0.104167
0 0.133523 0.477083 0.0397727 0.1125
0 0.221591 0.410417 0.0284091 0.104167
7 0.757102 0.53125 0.480114 0.3125
5 0.758523 0.53125 0.477273 0.3125
0 0.524148 0.960417 0.0710227 0.0791667
5 0.03125 0.25 0.0625 0.125
2 0.0795455 0.777083 0.159091 0.2625
2 0.346591 0.558333 0.221591 0.15
