2 0.265625 0.325 0.0426136 0.0333333
2 0.302557 0.329167 0.03125 0.0416667
0 0.62358 0.514583 0.0142045 0.0625
0 0.599432 0.504167 0.0170455 0.0583333
2 0.298295 0.572917 0.0909091 0.1125
9 0.694602 0.397917 0.0198864 0.0625
2 0.21875 0.404167 0.0284091 0.0416667
0 0.0568182 0.525 0.0227273 0.0833333
0 0.644886 0.525 0.0170455 0.0666667
0 0.0809659 0.516667 0.0255682 0.1
5 0.360795 0.379167 0.0909091 0.0833333
2 0.931818 0.929167 0.136364 0.133333
2 0.37358 0.514583 0.0767045 0.104167
2 0.59375 0.65 0.159091 0.158333
