0 0.647727 0.583333 0.0284091 0.075
0 0.015625 0.604167 0.03125 0.108333
1 0.96733 0.879167 0.0653409 0.1
2 0.234375 0.425 0.0426136 0.0583333
1 0.649148 0.6125 0.0255682 0.05
9 0.694602 0.397917 0.0198864 0.0625
5 0.352273 0.391667 0.0795455 0.1
2 0.329545 0.48125 0.0681818 0.0791667
0 0.0823864 0.552083 0.0284091 0.0958333
0 0.0582386 0.527083 0.0255682 0.0875
2 0.315341 0.902083 0.204545 0.195833
2 0.25 0.502083 0.0625 0.0791667
2 0.551136 0.9 0.255682 0.2
2 0.68608 0.775 0.213068 0.183333
2 0.305398 0.610417 0.122159 0.129167
2 0.426136 0.558333 0.130682 0.0916667
