0 0.78125 0.602083 0.0511364 0.104167
9 0.306818 0.185417 0.0170455 0.0625
2 0.0127841 0.397917 0.0255682 0.0875
0 0.724432 0.510417 0.0397727 0.1125
5 0.953125 0.454167 0.09375 0.191667
0 0.666193 0.533333 0.0255682 0.116667
2 0.102273 0.825 0.204545 0.35
2 0.477273 0.8625 0.420455 0.266667
5 0.0880682 0.285417 0.176136 0.179167
2 0.254261 0.489583 0.178977 0.170833
2 0.127841 0.58125 0.198864 0.220833
2 0.505682 0.689583 0.306818 0.204167
2 0.136364 0.416667 0.181818 0.1
2 0.458807 0.5375 0.21875 0.133333
