0 0.460227 0.477083 0.0284091 0.1125
0 0.208807 0.3125 0.0198864 0.0833333
0 0.761364 0.527083 0.0284091 0.104167
9 0.308239 0.185417 0.0198864 0.0625
0 0.647727 0.539583 0.0340909 0.120833
5 0.366477 0.395833 0.193182 0.2
0 0.87358 0.58125 0.0255682 0.1125
0 0.890625 0.691667 0.0482955 0.141667
2 0.0170455 0.414583 0.0340909 0.1125
2 0.799716 0.89375 0.394886 0.2125
2 0.0795455 0.316667 0.0738636 0.0833333
2 0.953125 0.516667 0.09375 0.125
2 0.488636 0.910417 0.392045 0.179167
2 0.197443 0.4375 0.144886 0.141667
