2 0.340909 0.860417 0.227273 0.279167
0 0.551136 0.466667 0.0170455 0.075
0 0.862216 0.664583 0.0255682 0.104167
2 0.316761 0.445833 0.0482955 0.05
0 0.883523 0.68125 0.0284091 0.0875
7 0.339489 0.860417 0.230114 0.279167
0 0.528409 0.429167 0.0113636 0.0416667
0 0.622159 0.475 0.0170455 0.05
2 0.34517 0.5125 0.0767045 0.1
2 0.384943 0.447917 0.0539773 0.0541667
0 0.988636 0.735417 0.0227273 0.129167
7 0.255682 0.5125 0.113636 0.241667
7 0.509943 0.658333 0.286932 0.341667
2 0.863636 0.883333 0.267045 0.233333
