      0/49     10.4G   0.03364   0.03967    0.0365    0.1098       175       640    0.6872    0.6945    0.7371      0.51   0.04584    0.0693   0.02948
      1/49     9.85G   0.03286   0.03818   0.02333   0.09436       257       640    0.7025    0.7691    0.7669     0.535   0.04567   0.06394   0.03078
      2/49     10.5G    0.0308   0.02957   0.01374   0.07412       173       640    0.6384    0.8314    0.7795    0.4945   0.04544   0.05995     0.032
      3/49     10.5G   0.03026   0.02952   0.01179   0.07157       251       640    0.6141     0.892    0.8131    0.5567   0.04479   0.05919    0.0325
      4/49     10.5G   0.03043   0.02512   0.00801   0.06356       138       640    0.6748    0.7833    0.8011    0.4775   0.04725   0.05865    0.0307
      5/49     10.5G   0.03224   0.02711  0.008309   0.06766       223       640    0.7462    0.6775    0.7668    0.4753   0.05094   0.05736   0.02844
      6/49     10.5G   0.03145    0.0239  0.006861   0.06222       170       640    0.7103    0.8075    0.7938    0.5041   0.04919   0.05856   0.02644
      7/49     10.5G   0.03261    0.0252  0.006591    0.0644       223       640    0.3583    0.7573    0.5176    0.2341   0.06318   0.05401   0.02415
      8/49     10.5G   0.04002   0.02372  0.006151    0.0699       231       640    0.6887    0.6589    0.7337    0.3602    0.0569   0.05617   0.02472
      9/49     10.5G   0.03625   0.02327  0.006734   0.06626        77       640    0.8085    0.7807    0.8206    0.4623    0.0523   0.05784   0.02246
     10/49     10.5G   0.03575   0.02591  0.006166   0.06783       174       640    0.8583    0.6047     0.776    0.4703   0.04867   0.05892   0.02254
     11/49     10.5G   0.03621   0.02511  0.005863   0.06718       181       640    0.6301    0.8063    0.7058    0.3913    0.0521    0.0581   0.02334
     12/49     10.5G    0.0366   0.02396   0.00525   0.06581       157       640    0.6663    0.8114    0.7818    0.4884   0.05175   0.05776   0.02204
     13/49     10.5G    0.0334   0.02277  0.004955   0.06113       280       640    0.6846    0.7859    0.7945    0.4827   0.04849   0.05778   0.02413
     14/49     10.5G   0.03496   0.02253  0.005217   0.06271       150       640    0.8019    0.6401    0.7786    0.4487   0.04927   0.05717   0.02271
     15/49     10.5G   0.03815    0.0215  0.005328   0.06497       180       640    0.7054    0.6011    0.7261    0.4052   0.05307   0.05587   0.02119
     16/49     10.5G   0.03567   0.02276  0.005387   0.06382       109       640    0.7698    0.6569    0.7394    0.4853   0.04888    0.0586   0.01846
     17/49     10.5G   0.03649   0.02406  0.005458   0.06601       209       640    0.9024    0.6641    0.8058    0.4892   0.05271   0.05599   0.01907
     18/49     10.5G   0.03629   0.02251  0.004774   0.06358       257       640    0.7467    0.7695    0.7879    0.4753   0.05349   0.05646   0.01829
     19/49     10.5G    0.0366   0.02298  0.005221    0.0648       239       640    0.7484    0.8018    0.8237    0.5277   0.05062   0.05439   0.01922
     20/49     10.5G   0.03604   0.02406  0.004731   0.06484       192       640    0.6754    0.6157     0.649     0.367   0.05936    0.0519   0.01831
     21/49     10.5G   0.03588   0.02332  0.005022   0.06422       166       640    0.7561     0.635    0.7792    0.4797   0.05717   0.05109   0.01777
     22/49     10.5G   0.03556   0.02405  0.004275   0.06388       140       640    0.6623    0.6186    0.7043    0.4126    0.0512   0.05344   0.01535
     23/49     10.5G   0.04012   0.02534  0.004825   0.07029       226       640    0.7167    0.5055    0.6137     0.298   0.06625   0.04689   0.01695
     24/49     10.5G   0.04586   0.02165  0.006082   0.07359       211       640    0.5132    0.5972    0.5607    0.2031   0.07549   0.04289   0.01162
     25/49     10.5G   0.04762   0.02017  0.006995   0.07479       185       640    0.4522    0.5975    0.4907     0.188    0.0886   0.03733  0.008563
     26/49     10.5G   0.04513   0.01838  0.006606   0.07011       199       640    0.6741    0.5962    0.6792    0.2448   0.07399   0.04122  0.009595
     27/49     10.5G   0.04251   0.01892  0.005814   0.06724        94       640    0.5691    0.6025    0.6124    0.2722   0.08299   0.03789  0.008913
     28/49     10.5G   0.04289   0.01885  0.005647   0.06739       204       640    0.7726    0.6613    0.7562    0.3972   0.07363   0.04051  0.008982
     29/49     10.5G   0.04265   0.02114  0.005845   0.06963       196       640    0.8134    0.6644    0.7925    0.4962   0.07021    0.0396  0.009386
     30/49     10.5G   0.03705   0.02135  0.005363   0.06377       258       640    0.7414    0.6867    0.7645    0.3782   0.07001   0.03834  0.007872
     31/49     10.5G   0.04023   0.02164  0.004527   0.06639       133       640    0.6285    0.5719    0.6325     0.309    0.0697   0.04127  0.007912
     32/49     10.5G   0.03985   0.02037  0.005195   0.06542       250       640    0.6588    0.6348    0.7375    0.3636   0.05898   0.04491   0.00779
     33/49     10.5G   0.03456   0.02183  0.004292   0.06068       155       640    0.7565    0.6828    0.7787    0.4647   0.05398   0.04405  0.007055
     34/49     10.5G   0.03472   0.02059  0.004538   0.05985       118       640    0.8841    0.6694    0.8233    0.4544   0.05302   0.04479  0.006735
     35/49     10.5G   0.03166    0.0207  0.004127   0.05649       217       640    0.8992    0.6764    0.8435    0.4967   0.05413   0.04405  0.006719
     36/49     10.5G   0.03477    0.0216  0.004301   0.06067       227       640    0.6696    0.6637    0.7724    0.3567   0.06404   0.04118  0.006253
     37/49     10.5G   0.03683   0.02184  0.004196   0.06287       181       640    0.7927    0.7724    0.8199    0.4534   0.05936   0.04253   0.00666
     38/49     10.5G    0.0355   0.01923  0.004509   0.05925       211       640    0.6673    0.7661    0.8102    0.4393   0.05621   0.04385  0.006406
     39/49     10.5G   0.03711    0.0205  0.003994    0.0616       301       640    0.8642    0.6509    0.8492    0.4315   0.06357   0.04345  0.006858
     40/49     10.5G   0.03644   0.02069  0.004033   0.06116       205       640    0.8872    0.6695    0.8837    0.5062   0.05242    0.0458  0.007608
     41/49     10.5G   0.03048   0.02146  0.003967    0.0559       102       640    0.9168    0.6851     0.898    0.5818   0.05019   0.04398  0.006995
     42/49     10.5G   0.03224   0.02333  0.004253   0.05983       157       640    0.8289    0.6491    0.8188    0.4167   0.05274   0.04448  0.007044
     43/49     10.5G   0.03224   0.02199  0.003679   0.05791       199       640    0.8627    0.6832    0.8864     0.577   0.04981   0.04508  0.006953
     44/49     10.5G   0.03272   0.02003  0.003608   0.05636       127       640    0.8806    0.7097    0.8954    0.5486   0.05002   0.04621  0.006768
     45/49     10.5G   0.02798    0.0189  0.003632    0.0505       208       640    0.7671    0.8978    0.9095    0.5854   0.04676   0.04618  0.006312
     46/49     10.5G   0.02774   0.02139  0.003514   0.05265       108       640    0.8995    0.7044    0.8984    0.5537   0.05153   0.04511  0.006356
     47/49     10.5G    0.0301   0.01897  0.003401   0.05247       219       640    0.8634    0.7195    0.8989    0.6103   0.04707   0.04674  0.006952
     48/49     10.5G   0.02857    0.0218  0.003074   0.05344       109       640    0.9061    0.6998    0.9039    0.6128   0.04764   0.04757  0.007082
     49/49     10.5G   0.02701   0.02001  0.002889   0.04991       230       640    0.7288    0.8848    0.9071    0.6516   0.04682   0.04875  0.007006
