2 0.539773 0.504167 0.107955 0.141667
2 0.622159 0.339583 0.0568182 0.0541667
2 0.288352 0.379167 0.0596591 0.05
2 0.333807 0.341667 0.03125 0.0416667
2 0.660511 0.416667 0.0653409 0.0666667
2 0.487216 0.327083 0.03125 0.0291667
2 0.680398 0.752083 0.207386 0.270833
2 0.526989 0.36875 0.0426136 0.0458333
2 0.589489 0.427083 0.0767045 0.0791667
2 0.576705 0.354167 0.0454545 0.0416667
2 0.815341 0.666667 0.215909 0.225
2 0.427557 0.5625 0.0880682 0.133333
2 0.194602 0.583333 0.122159 0.175
2 0.396307 0.38125 0.0426136 0.0458333
2 0.457386 0.36875 0.0397727 0.0541667
2 0.495739 0.410417 0.0539773 0.0625
