2 0.309659 0.310417 0.0397727 0.0458333
2 0.43608 0.272917 0.03125 0.0291667
2 0.258523 0.314583 0.0397727 0.0375
2 0.461648 0.3 0.0369318 0.0333333
2 0.366477 0.30625 0.0340909 0.0541667
2 0.117898 0.58125 0.133523 0.179167
2 0.535511 0.297917 0.0369318 0.0375
5 0.612216 0.325 0.116477 0.116667
2 0.480114 0.316667 0.0397727 0.0333333
2 0.379261 0.347917 0.0426136 0.0625
2 0.423295 0.30625 0.0454545 0.0458333
2 0.414773 0.375 0.0681818 0.0833333
2 0.240057 0.354167 0.0539773 0.0583333
2 0.319602 0.35 0.0426136 0.05
