2 0.883523 0.475 0.0568182 0.0916667
2 0.730114 0.479167 0.0625 0.0666667
2 0.950284 0.397917 0.03125 0.0375
2 0.752841 0.44375 0.0454545 0.0541667
5 0.622159 0.458333 0.142045 0.141667
2 0.775568 0.552083 0.0852273 0.104167
2 0.727273 0.9125 0.443182 0.166667
2 0.663352 0.5375 0.0880682 0.108333
2 0.892045 0.547917 0.0681818 0.104167
2 0.504261 0.539583 0.116477 0.0875
2 0.965909 0.441667 0.0454545 0.0583333
2 0.822443 0.458333 0.0482955 0.0666667
2 0.0752841 0.697917 0.150568 0.129167
2 0.417614 0.7875 0.295455 0.183333
