2 0.950284 0.4 0.03125 0.0333333
2 0.704545 0.3875 0.0340909 0.0333333
2 0.653409 0.416667 0.0397727 0.0416667
2 0.875 0.460417 0.0511364 0.0541667
2 0.508523 0.489583 0.0909091 0.0875
2 0.651989 0.46875 0.0653409 0.0625
2 0.803977 0.391667 0.0284091 0.0333333
2 0.965909 0.439583 0.0454545 0.0625
2 0.775568 0.4125 0.0340909 0.0416667
2 0.504261 0.554167 0.116477 0.1
2 0.805398 0.44375 0.0482955 0.0541667
2 0.599432 0.6 0.107955 0.116667
2 0.711648 0.439583 0.0482955 0.0458333
2 0.326705 0.629167 0.170455 0.116667
