2 0.96875 0.714583 0.0625 0.1625
2 0.423295 0.302083 0.0284091 0.0375
2 0.234375 0.5 0.0823864 0.108333
2 0.296875 0.38125 0.0539773 0.0625
2 0.490057 0.320833 0.0369318 0.0416667
2 0.387784 0.320833 0.0255682 0.0333333
2 0.663352 0.422917 0.0823864 0.0791667
2 0.285511 0.414583 0.0482955 0.0541667
5 0.0994318 0.783333 0.198864 0.433333
2 0.56392 0.347917 0.0369318 0.0375
2 0.389205 0.366667 0.0397727 0.05
5 0.674716 0.34375 0.116477 0.1125
2 0.528409 0.372917 0.0511364 0.0458333
2 0.737216 0.579167 0.184659 0.183333
2 0.87642 0.902083 0.247159 0.195833
