2 0.339489 0.358333 0.0426136 0.0416667
2 0.235795 0.489583 0.0795455 0.1125
2 0.421875 0.49375 0.0710227 0.0958333
2 0.295455 0.383333 0.0568182 0.0583333
2 0.599432 0.4375 0.0795455 0.075
2 0.515625 0.958333 0.207386 0.0833333
5 0.0980114 0.783333 0.196023 0.433333
2 0.397727 0.347917 0.0340909 0.0375
2 0.478693 0.40625 0.0539773 0.0625
2 0.49858 0.345833 0.0369318 0.0416667
2 0.930398 0.629167 0.139205 0.2
2 0.446023 0.35 0.0340909 0.0333333
2 0.778409 0.633333 0.193182 0.191667
2 0.663352 0.729167 0.190341 0.216667
