2 0.353693 0.283333 0.0255682 0.0333333
2 0.322443 0.295833 0.03125 0.0333333
2 0.117898 0.583333 0.133523 0.183333
2 0.367898 0.316667 0.0369318 0.0416667
5 0.613636 0.316667 0.113636 0.108333
2 0.326705 0.491667 0.0795455 0.108333
2 0.464489 0.335417 0.0596591 0.0625
2 0.238636 0.35625 0.0511364 0.0541667
2 0.31392 0.34375 0.0426136 0.0541667
2 0.619318 0.839583 0.255682 0.320833
2 0.380682 0.345833 0.0397727 0.0416667
2 0.505682 0.391667 0.0625 0.0666667
2 0.526989 0.34375 0.0596591 0.0458333
2 0.450284 0.458333 0.105114 0.141667
2 0.605114 0.489583 0.107955 0.120833
2 0.602273 0.397917 0.0965909 0.0958333
2 0.400568 0.377083 0.0511364 0.0541667
2 0.808239 0.710417 0.269886 0.2625
