2 0.950284 0.397917 0.03125 0.0375
2 0.741477 0.40625 0.0340909 0.0375
2 0.653409 0.414583 0.0397727 0.0375
2 0.446023 0.797917 0.238636 0.2375
2 0.448864 0.527083 0.107955 0.1125
2 0.965909 0.441667 0.0454545 0.0583333
2 0.809659 0.479167 0.0568182 0.0666667
2 0.704545 0.5 0.0681818 0.075
2 0.705966 0.43125 0.0482955 0.0458333
2 0.369318 0.614583 0.176136 0.120833
2 0.704545 0.664583 0.125 0.204167
2 0.90767 0.697917 0.133523 0.2125
2 0.146307 0.677083 0.235795 0.120833
2 0.47017 0.641667 0.144886 0.133333
