2 0.224432 0.364583 0.0454545 0.0625
5 0.0553977 0.779167 0.110795 0.441667
2 0.0241477 0.46875 0.0482955 0.1125
2 0.50142 0.379167 0.0710227 0.075
2 0.588068 0.33125 0.0454545 0.0458333
2 0.326705 0.339583 0.0397727 0.0458333
2 0.463068 0.297917 0.0397727 0.0375
2 0.693182 0.85625 0.318182 0.279167
2 0.392045 0.29375 0.0284091 0.0291667
2 0.578125 0.5 0.127841 0.116667
2 0.674716 0.452083 0.110795 0.0958333
2 0.129261 0.547917 0.122159 0.1625
2 0.369318 0.547917 0.0965909 0.145833
2 0.40625 0.372917 0.0511364 0.0625
2 0.384943 0.3375 0.0482955 0.0583333
2 0.329545 0.404167 0.0625 0.0833333
2 0.90767 0.8625 0.184659 0.275
