2 0.372159 0.3 0.0397727 0.05
2 0.240057 0.354167 0.0482955 0.0583333
2 0.509943 0.341667 0.0539773 0.05
2 0.335227 0.858333 0.204545 0.275
2 0.318182 0.304167 0.0284091 0.0333333
2 0.667614 0.433333 0.119318 0.133333
2 0.431818 0.333333 0.0340909 0.0416667
2 0.377841 0.333333 0.0397727 0.05
2 0.117898 0.58125 0.133523 0.179167
2 0.433239 0.441667 0.0823864 0.1
2 0.565341 0.372917 0.0795455 0.0625
2 0.261364 0.3125 0.0340909 0.0333333
2 0.328125 0.375 0.0482955 0.0583333
2 0.569602 0.4625 0.116477 0.125
2 0.471591 0.55625 0.113636 0.1375
2 0.208807 0.429167 0.0653409 0.0666667
2 0.840909 0.6 0.210227 0.158333
2 0.455966 0.358333 0.0539773 0.0583333
2 0.669034 0.6 0.184659 0.183333
2 0.715909 0.854167 0.340909 0.291667
