2 0.535511 0.46875 0.0880682 0.0791667
2 0.951705 0.397917 0.0340909 0.0375
2 0.765625 0.43125 0.0426136 0.0541667
2 0.887784 0.410417 0.0369318 0.0458333
2 0.776989 0.547917 0.0823864 0.104167
2 0.883523 0.466667 0.0511364 0.0666667
5 0.65625 0.435417 0.119318 0.129167
2 0.893466 0.55 0.0653409 0.1
2 0.504261 0.539583 0.110795 0.0875
2 0.664773 0.535417 0.0852273 0.104167
2 0.805398 0.483333 0.0539773 0.0583333
2 0.965909 0.441667 0.0454545 0.0583333
2 0.833807 0.429167 0.0369318 0.05
2 0.738636 0.46875 0.0568182 0.0625
