2 0.221591 0.402083 0.0568182 0.0625
2 0.455966 0.291667 0.03125 0.0333333
2 0.276989 0.339583 0.0369318 0.0458333
2 0.309659 0.310417 0.0340909 0.0375
2 0.474432 0.341667 0.0511364 0.05
2 0.471591 0.472917 0.0909091 0.104167
2 0.164773 0.48125 0.102273 0.129167
2 0.545455 0.416667 0.0965909 0.108333
2 0.335227 0.33125 0.0340909 0.0375
2 0.896307 0.879167 0.201705 0.241667
2 0.677557 0.433333 0.105114 0.0833333
2 0.34233 0.702083 0.127841 0.204167
2 0.389205 0.341667 0.0397727 0.0416667
2 0.424716 0.30625 0.03125 0.0375
2 0.339489 0.404167 0.0596591 0.075
2 0.559659 0.679167 0.170455 0.208333
