0 0.944602 0.539583 0.03125 0.104167
7 0.53267 0.347917 0.0880682 0.1125
0 0.12642 0.747917 0.03125 0.129167
7 0.441761 0.397917 0.127841 0.154167
0 0.0213068 0.808333 0.0426136 0.141667
0 0.227273 0.652083 0.0340909 0.1125
0 0.752841 0.572917 0.0340909 0.0958333
0 0.298295 0.625 0.0284091 0.116667
2 0.791193 0.483333 0.133523 0.108333
2 0.306818 0.527083 0.0738636 0.0958333
0 0.326705 0.64375 0.0284091 0.0958333
2 0.40625 0.514583 0.102273 0.154167
0 0.451705 0.620833 0.0397727 0.116667
0 0.866477 0.5625 0.0397727 0.1
2 0.630682 0.475 0.113636 0.0916667
0 0.632102 0.589583 0.0369318 0.1125
0 0.269886 0.672917 0.0340909 0.120833
2 0.53125 0.489583 0.113636 0.1125
