2 0.27983 0.50625 0.0710227 0.104167
0 0.00852273 0.785417 0.0170455 0.120833
2 0.923295 0.504167 0.130682 0.0916667
2 0.598011 0.43125 0.0994318 0.0708333
2 0.291193 0.675 0.116477 0.15
2 0.542614 0.3875 0.0681818 0.0583333
5 0.224432 0.329167 0.0738636 0.15
2 0.803977 0.445833 0.136364 0.108333
0 0.0852273 0.808333 0.0454545 0.15
7 0.528409 0.3375 0.0795455 0.0916667
2 0.713068 0.45625 0.119318 0.104167
2 0.24858 0.85625 0.224432 0.279167
2 0.335227 0.56875 0.0965909 0.129167
2 0.465909 0.4 0.0625 0.0583333
2 0.948864 0.558333 0.102273 0.133333
5 0.34517 0.383333 0.178977 0.166667
2 0.950284 0.891667 0.0994318 0.216667
