0 0.0170455 0.714583 0.0340909 0.145833
0 0.15625 0.589583 0.0284091 0.0958333
5 0.514205 0.45 0.119318 0.141667
0 0.642045 0.533333 0.0227273 0.0916667
0 0.802557 0.539583 0.0255682 0.104167
0 0.241477 0.710417 0.0454545 0.1375
0 0.393466 0.660417 0.0539773 0.129167
2 0.819602 0.4625 0.110795 0.075
5 0.315341 0.36875 0.119318 0.145833
0 0.691761 0.5625 0.0369318 0.108333
0 0.650568 0.610417 0.0340909 0.129167
0 0.0610795 0.73125 0.0539773 0.1375
2 0.758523 0.495833 0.153409 0.108333
0 0.43608 0.614583 0.0482955 0.104167
5 0.409091 0.36875 0.0965909 0.145833
0 0.890625 0.547917 0.0426136 0.0958333
2 0.664773 0.441667 0.107955 0.0916667
0 0.724432 0.616667 0.0340909 0.108333
2 0.421875 0.5 0.0994318 0.116667
2 0.298295 0.497917 0.0909091 0.120833
