0 0.934659 0.48125 0.0284091 0.0875
9 0.0440341 0.483333 0.0426136 0.0416667
2 0.164773 0.304167 0.0340909 0.05
2 0.40483 0.44375 0.105114 0.129167
0 0.451705 0.560417 0.0454545 0.120833
0 0.667614 0.483333 0.0454545 0.125
2 0.455966 0.366667 0.0767045 0.0833333
0 0.877841 0.464583 0.0340909 0.129167
2 0.521307 0.425 0.105114 0.0916667
5 0.707386 0.3625 0.284091 0.225
0 0.491477 0.525 0.0340909 0.1
0 0.221591 0.58125 0.0284091 0.1125
1 0.802557 0.554167 0.0823864 0.0833333
5 0.286932 0.397917 0.153409 0.245833
