0 0.559659 0.504167 0.0227273 0.116667
2 0.241477 0.283333 0.0284091 0.0416667
0 0.965909 0.445833 0.0340909 0.0916667
0 0.0411932 0.735417 0.0369318 0.154167
2 0.389205 0.29375 0.0511364 0.0458333
0 0.607955 0.520833 0.0284091 0.116667
0 0.446023 0.558333 0.0284091 0.108333
2 0.481534 0.327083 0.0539773 0.0541667
2 0.0639205 0.541667 0.0880682 0.133333
2 0.96875 0.595833 0.0625 0.125
2 0.167614 0.29375 0.0397727 0.0375
2 0.275568 0.308333 0.0454545 0.0416667
2 0.534091 0.341667 0.0738636 0.0583333
2 0.606534 0.3625 0.0994318 0.0666667
2 0.190341 0.527083 0.0909091 0.129167
