2 0.572443 0.333333 0.0767045 0.0666667
2 0.379261 0.314583 0.0539773 0.0625
7 0.454545 0.35 0.102273 0.133333
0 0.166193 0.64375 0.03125 0.1375
2 0.298295 0.314583 0.0568182 0.0625
0 0.0823864 0.847917 0.0454545 0.1625
2 0.25 0.358333 0.0511364 0.075
0 0.0340909 0.625 0.0397727 0.125
0 0.166193 0.820833 0.0539773 0.158333
2 0.971591 0.629167 0.0568182 0.116667
2 0.481534 0.472917 0.127841 0.120833
2 0.947443 0.491667 0.105114 0.116667
2 0.745739 0.40625 0.133523 0.0875
2 0.663352 0.672917 0.224432 0.279167
