2 0.463068 0.375 0.0681818 0.0833333
2 0.704545 0.35 0.0795455 0.05
0 0.261364 0.61875 0.0454545 0.129167
0 0.8125 0.46875 0.0227273 0.0875
0 0.151989 0.697917 0.0653409 0.220833
0 0.302557 0.539583 0.0426136 0.145833
0 0.643466 0.5375 0.0255682 0.108333
0 0.62642 0.589583 0.0255682 0.129167
0 0.238636 0.704167 0.0454545 0.141667
2 0.65767 0.36875 0.0994318 0.0708333
2 0.764205 0.414583 0.125 0.0875
2 0.534091 0.416667 0.113636 0.141667
0 0.494318 0.583333 0.0454545 0.116667
0 0.566761 0.5375 0.0369318 0.1
2 0.630682 0.416667 0.113636 0.0916667
5 0.241477 0.314583 0.0909091 0.145833
2 0.379261 0.454167 0.105114 0.141667
