5 0.431818 0.35 0.0852273 0.108333
2 0.166193 0.30625 0.03125 0.0458333
5 0.535511 0.295833 0.150568 0.116667
0 0.0127841 0.660417 0.0255682 0.104167
0 0.208807 0.629167 0.0596591 0.133333
0 0.522727 0.510417 0.0340909 0.0958333
0 0.579545 0.564583 0.0340909 0.1125
2 0.602273 0.39375 0.0738636 0.0875
2 0.636364 0.352083 0.102273 0.0958333
0 0.424716 0.547917 0.0369318 0.1125
2 0.796875 0.389583 0.105114 0.0791667
0 0.112216 0.8 0.0653409 0.141667
0 0.490057 0.547917 0.03125 0.120833
0 0.728693 0.564583 0.03125 0.129167
0 0.40483 0.633333 0.0596591 0.125
0 0.669034 0.516667 0.0369318 0.1
2 0.528409 0.395833 0.125 0.141667
5 0.315341 0.422917 0.176136 0.279167
