2 0.46875 0.44375 0.0738636 0.0791667
0 0.651989 0.604167 0.0369318 0.125
0 0.84375 0.55625 0.0284091 0.0958333
0 0.0553977 0.65 0.0426136 0.108333
0 0.423295 0.620833 0.0454545 0.175
2 0.389205 0.458333 0.0795455 0.1
2 0.694602 0.45 0.0994318 0.0833333
2 0.551136 0.49375 0.130682 0.120833
2 0.629261 0.46875 0.116477 0.104167
2 0.535511 0.9125 0.360795 0.175
0 0.558239 0.629167 0.03125 0.133333
0 0.262784 0.614583 0.0426136 0.120833
2 0.323864 0.525 0.0909091 0.125
2 0.448864 0.520833 0.107955 0.116667
