5 0.43892 0.33125 0.0653409 0.145833
5 0.534091 0.295833 0.147727 0.125
0 0.0213068 0.579167 0.0369318 0.125
2 0.166193 0.30625 0.03125 0.0458333
2 0.798295 0.389583 0.102273 0.0791667
0 0.0142045 0.760417 0.0284091 0.1375
2 0.627841 0.4125 0.0852273 0.0833333
2 0.633523 0.354167 0.102273 0.0916667
0 0.0539773 0.73125 0.0397727 0.145833
0 0.556818 0.589583 0.0454545 0.104167
0 0.642045 0.510417 0.0227273 0.0875
0 0.559659 0.50625 0.0284091 0.1125
0 0.0852273 0.766667 0.0397727 0.158333
0 0.417614 0.610417 0.0454545 0.129167
0 0.603693 0.55625 0.0426136 0.1125
2 0.53125 0.4 0.125 0.133333
5 0.316761 0.425 0.184659 0.283333
2 0.852273 0.754167 0.295455 0.283333
