0 0.731534 0.6 0.0369318 0.108333
0 0.987216 0.535417 0.0255682 0.0875
0 0.910511 0.516667 0.0255682 0.1
7 0.53125 0.339583 0.0795455 0.0958333
0 0.046875 0.639583 0.03125 0.1125
2 0.448864 0.429167 0.0681818 0.0916667
0 0.258523 0.70625 0.0511364 0.129167
2 0.732955 0.458333 0.125 0.0833333
0 0.447443 0.6 0.0255682 0.1
0 0.288352 0.722917 0.0369318 0.1375
5 0.322443 0.402083 0.110795 0.179167
2 0.616477 0.470833 0.113636 0.1
2 0.426136 0.508333 0.0965909 0.1
0 0.575284 0.6375 0.0426136 0.133333
2 0.522727 0.472917 0.107955 0.120833
