0 0.338068 0.622917 0.0284091 0.0958333
0 0.921875 0.566667 0.03125 0.108333
0 0.892045 0.55625 0.0284091 0.0958333
25 0.903409 0.5 0.0454545 0.025
0 0.634943 0.564583 0.0255682 0.104167
0 0.771307 0.572917 0.0369318 0.104167
25 0.775568 0.50625 0.0397727 0.0458333
2 0.805398 0.44375 0.127841 0.104167
0 0.677557 0.6 0.0255682 0.0833333
0 0.0326705 0.6 0.0369318 0.125
0 0.848011 0.558333 0.03125 0.0916667
25 0.856534 0.497917 0.0482955 0.0291667
2 0.457386 0.4625 0.0852273 0.108333
5 0.576705 0.383333 0.181818 0.141667
5 0.321023 0.447917 0.227273 0.270833
