2 0.801136 0.435417 0.136364 0.0875
2 0.255682 0.4 0.0454545 0.0583333
0 0.183239 0.702083 0.0426136 0.170833
2 0.711648 0.4625 0.122159 0.0833333
0 0.271307 0.604167 0.0369318 0.116667
0 0.0269886 0.877083 0.0539773 0.145833
2 0.512784 0.420833 0.0823864 0.0666667
0 0.245739 0.691667 0.0426136 0.141667
5 0.325284 0.870833 0.286932 0.25
0 0.144886 0.795833 0.0511364 0.141667
2 0.326705 0.872917 0.289773 0.254167
2 0.511364 0.577083 0.153409 0.204167
2 0.84517 0.520833 0.15625 0.108333
2 0.738636 0.616667 0.204545 0.175
2 0.369318 0.675 0.130682 0.2
