0 0.448864 0.660417 0.0397727 0.145833
0 0.81108 0.558333 0.0369318 0.133333
0 0.183239 0.675 0.0426136 0.125
2 0.450284 0.427083 0.0710227 0.0958333
0 0.142045 0.660417 0.0397727 0.120833
7 0.52983 0.341667 0.0767045 0.0916667
0 0.0269886 0.8 0.0539773 0.133333
0 0.65483 0.633333 0.0596591 0.125
2 0.524148 0.477083 0.110795 0.129167
0 0.715909 0.633333 0.0568182 0.166667
2 0.423295 0.510417 0.0965909 0.104167
0 0.866477 0.6 0.0340909 0.125
2 0.803977 0.445833 0.130682 0.108333
5 0.321023 0.4 0.107955 0.175
2 0.732955 0.4625 0.125 0.1
