2 0.356534 0.4375 0.0710227 0.0916667
0 0.433239 0.6875 0.0539773 0.141667
0 0.0440341 0.666667 0.0369318 0.116667
0 0.116477 0.689583 0.0454545 0.129167
0 0.975852 0.572917 0.0369318 0.0958333
0 0.0369318 0.770833 0.0738636 0.125
2 0.306818 0.50625 0.0852273 0.120833
2 0.68608 0.45 0.161932 0.108333
2 0.274148 0.454167 0.0596591 0.0916667
0 0.803977 0.575 0.0340909 0.116667
5 0.559659 0.366667 0.153409 0.133333
0 0.663352 0.541667 0.0255682 0.108333
0 0.921875 0.54375 0.0369318 0.0958333
0 0.571023 0.572917 0.0340909 0.1125
0 0.471591 0.535417 0.0340909 0.0958333
2 0.802557 0.464583 0.0880682 0.0791667
0 0.264205 0.65625 0.0454545 0.129167
7 0.431818 0.385417 0.181818 0.195833
2 0.419034 0.49375 0.0880682 0.0958333
2 0.616477 0.470833 0.113636 0.1
