0 0.930398 0.395833 0.0255682 0.0916667
0 0.809659 0.470833 0.0227273 0.0916667
0 0.963068 0.402083 0.0227273 0.0875
2 0.522727 0.416667 0.102273 0.0916667
2 0.796875 0.3875 0.105114 0.075
0 0.772727 0.4875 0.0284091 0.108333
0 0.487216 0.575 0.0369318 0.116667
0 0.0340909 0.795833 0.0681818 0.175
2 0.610795 0.4 0.107955 0.0916667
0 0.676136 0.485417 0.0340909 0.104167
0 0.100852 0.785417 0.0482955 0.1625
2 0.72017 0.397917 0.122159 0.0875
2 0.441761 0.43125 0.105114 0.0958333
5 0.298295 0.395833 0.176136 0.241667
