5 0.559659 0.379167 0.153409 0.158333
0 0.866477 0.535417 0.0340909 0.0958333
2 0.275568 0.454167 0.0625 0.0916667
0 0.636364 0.554167 0.0397727 0.108333
0 0.958807 0.527083 0.0426136 0.104167
2 0.308239 0.510417 0.0823864 0.1125
0 0.0539773 0.727083 0.0397727 0.1375
0 0.723011 0.535417 0.03125 0.104167
0 0.348011 0.702083 0.0596591 0.170833
0 0.825284 0.575 0.03125 0.108333
2 0.808239 0.464583 0.09375 0.0791667
2 0.424716 0.49375 0.0994318 0.0958333
7 0.431818 0.383333 0.181818 0.2
2 0.617898 0.470833 0.110795 0.1
