0 0.737216 0.472917 0.0255682 0.0791667
0 0.522727 0.539583 0.0284091 0.1125
2 0.605114 0.3875 0.107955 0.108333
2 0.481534 0.325 0.0539773 0.05
0 0.204545 0.566667 0.0227273 0.0916667
2 0.427557 0.429167 0.0994318 0.125
0 0.715909 0.510417 0.0397727 0.120833
0 0.267045 0.5625 0.0227273 0.1
2 0.389205 0.29375 0.0511364 0.0458333
2 0.0653409 0.54375 0.0909091 0.129167
2 0.139205 0.302083 0.0397727 0.0375
2 0.18608 0.520833 0.09375 0.108333
2 0.509943 0.414583 0.110795 0.0875
5 0.278409 0.422917 0.238636 0.254167
