0 0.303977 0.622917 0.0284091 0.104167
2 0.56108 0.510417 0.150568 0.179167
0 0.480114 0.68125 0.0340909 0.129167
0 0.894886 0.575 0.0340909 0.116667
0 0.174716 0.69375 0.0255682 0.120833
7 0.305398 0.45 0.110795 0.175
2 0.71875 0.452083 0.119318 0.1125
2 0.47017 0.445833 0.0880682 0.125
0 0.670455 0.55 0.0284091 0.1
0 0.728693 0.552083 0.03125 0.0958333
2 0.801136 0.445833 0.125 0.108333
0 0.377841 0.629167 0.0340909 0.125
0 0.607955 0.620833 0.0340909 0.133333
2 0.911932 0.802083 0.176136 0.204167
