2 0.517045 0.422917 0.102273 0.0875
0 0.0426136 0.539583 0.0340909 0.0875
0 0.431818 0.583333 0.0454545 0.116667
0 0.893466 0.458333 0.0255682 0.116667
2 0.443182 0.3625 0.0795455 0.0916667
0 0.835227 0.472917 0.0284091 0.104167
2 0.393466 0.389583 0.0767045 0.1125
0 0.465909 0.554167 0.0340909 0.116667
2 0.72017 0.3875 0.116477 0.116667
0 0.576705 0.489583 0.0340909 0.104167
2 0.47017 0.485417 0.122159 0.145833
2 0.62642 0.40625 0.116477 0.0875
0 0.536932 0.622917 0.0397727 0.145833
5 0.288352 0.379167 0.150568 0.225
0 0.666193 0.53125 0.0539773 0.129167
