2 0.265625 0.41875 0.0539773 0.0708333
2 0.515625 0.45 0.122159 0.141667
5 0.515625 0.45 0.122159 0.141667
0 0.866477 0.516667 0.0227273 0.0916667
0 0.982955 0.552083 0.0340909 0.0958333
5 0.421875 0.372917 0.122159 0.1375
0 0.0667614 0.785417 0.0482955 0.145833
5 0.315341 0.370833 0.113636 0.141667
0 0.512784 0.639583 0.0426136 0.1375
2 0.666193 0.44375 0.110795 0.0875
0 0.910511 0.55 0.0369318 0.1
2 0.299716 0.5 0.0880682 0.116667
2 0.421875 0.5 0.0994318 0.116667
2 0.755682 0.495833 0.153409 0.108333
