2 0.582386 0.383333 0.0909091 0.0833333
5 0.245739 0.316667 0.105114 0.15
2 0.286932 0.41875 0.0738636 0.0958333
0 0.0838068 0.75625 0.0539773 0.129167
2 0.370739 0.383333 0.0823864 0.1
0 0.0667614 0.610417 0.0482955 0.1125
2 0.703125 0.354167 0.09375 0.0583333
2 0.53267 0.410417 0.0994318 0.1125
2 0.315341 0.497917 0.0909091 0.1125
2 0.419034 0.435417 0.09375 0.1125
0 0.669034 0.50625 0.0369318 0.0875
0 0.711648 0.479167 0.0369318 0.0916667
2 0.319602 0.629167 0.127841 0.225
2 0.755682 0.408333 0.125 0.0833333
