0 0.639205 0.49375 0.0340909 0.0958333
0 0.990057 0.458333 0.0198864 0.108333
2 0.703125 0.354167 0.09375 0.0583333
0 0.0852273 0.752083 0.0568182 0.129167
2 0.285511 0.416667 0.0710227 0.1
2 0.369318 0.383333 0.0795455 0.1
0 0.90625 0.45625 0.0397727 0.154167
2 0.31392 0.495833 0.09375 0.116667
0 0.528409 0.525 0.0340909 0.1
0 0.568182 0.49375 0.0227273 0.0958333
2 0.419034 0.435417 0.09375 0.120833
2 0.53267 0.408333 0.105114 0.116667
2 0.316761 0.63125 0.133523 0.229167
2 0.755682 0.410417 0.125 0.0875
