0 0.669034 0.566667 0.0255682 0.0833333
2 0.241477 0.402083 0.0454545 0.0625
0 0.480114 0.702083 0.0340909 0.145833
0 0.396307 0.745833 0.0426136 0.141667
7 0.52983 0.345833 0.0823864 0.108333
0 0.640625 0.65625 0.0369318 0.1125
2 0.309659 0.522917 0.0795455 0.0958333
0 0.910511 0.589583 0.0369318 0.120833
0 0.578125 0.65 0.0426136 0.141667
5 0.424716 0.385417 0.116477 0.145833
2 0.794034 0.483333 0.144886 0.108333
0 0.697443 0.664583 0.0539773 0.145833
2 0.53267 0.477083 0.110795 0.145833
2 0.40625 0.514583 0.102273 0.154167
2 0.630682 0.477083 0.113636 0.0875
0 0.846591 0.6125 0.0454545 0.141667
