0 0.0610795 0.71875 0.0426136 0.1375
0 0.420455 0.595833 0.0397727 0.125
2 0.633523 0.354167 0.102273 0.0916667
0 0.0866477 0.766667 0.0426136 0.158333
2 0.737216 0.4 0.116477 0.0916667
0 0.862216 0.477083 0.0369318 0.0958333
2 0.62358 0.4125 0.09375 0.0833333
0 0.612216 0.502083 0.0255682 0.104167
2 0.799716 0.389583 0.0994318 0.0791667
0 0.0142045 0.7375 0.0284091 0.133333
0 0.177557 0.6625 0.0369318 0.141667
0 0.490057 0.55625 0.0369318 0.1125
2 0.52983 0.4 0.122159 0.133333
5 0.31392 0.425 0.178977 0.283333
2 0.928977 0.741667 0.142045 0.225
