2 0.321023 0.339583 0.0568182 0.0625
2 0.451705 0.35 0.0965909 0.1
0 0.0838068 0.645833 0.0539773 0.125
2 0.598011 0.341667 0.09375 0.0833333
2 0.24858 0.354167 0.0539773 0.075
2 0.954545 0.485417 0.0909091 0.154167
0 0.0326705 0.691667 0.0426136 0.15
2 0.397727 0.5375 0.107955 0.15
2 0.370739 0.310417 0.0596591 0.0625
2 0.730114 0.404167 0.113636 0.0833333
2 0.822443 0.504167 0.184659 0.15
2 0.460227 0.441667 0.113636 0.125
2 0.227273 0.770833 0.289773 0.408333
2 0.784091 0.595833 0.215909 0.208333
