0 0.745739 0.466667 0.0198864 0.0833333
0 0.87642 0.470833 0.03125 0.0916667
0 0.826705 0.502083 0.0284091 0.1125
0 0.0326705 0.50625 0.0255682 0.0875
0 0.440341 0.522917 0.0227273 0.104167
2 0.723011 0.385417 0.133523 0.1125
2 0.598011 0.389583 0.110795 0.0958333
0 0.409091 0.55625 0.0340909 0.129167
2 0.34233 0.379167 0.0539773 0.075
0 0.379261 0.64375 0.0482955 0.145833
0 0.565341 0.575 0.0454545 0.15
2 0.508523 0.402083 0.113636 0.120833
2 0.322443 0.479167 0.0994318 0.125
0 0.480114 0.560417 0.0454545 0.1125
2 0.414773 0.425 0.102273 0.133333
