2 0.515625 0.420833 0.105114 0.0916667
0 0.203125 0.654167 0.0767045 0.133333
0 0.978693 0.452083 0.0369318 0.104167
0 0.461648 0.570833 0.0426136 0.108333
0 0.859375 0.445833 0.0255682 0.1
0 0.762784 0.477083 0.0369318 0.104167
2 0.721591 0.385417 0.119318 0.120833
2 0.369318 0.916667 0.431818 0.166667
0 0.285511 0.647917 0.0482955 0.145833
2 0.47017 0.49375 0.122159 0.120833
0 0.0568182 0.76875 0.0454545 0.154167
5 0.291193 0.38125 0.150568 0.220833
0 0.670455 0.527083 0.0454545 0.120833
2 0.627841 0.40625 0.113636 0.0875
