0 0.0511364 0.660417 0.0284091 0.1375
2 0.8125 0.454167 0.113636 0.0583333
0 0.0170455 0.74375 0.0340909 0.129167
7 0.573864 0.485417 0.153409 0.170833
5 0.325284 0.375 0.127841 0.141667
0 0.0213068 0.895833 0.0426136 0.158333
5 0.43892 0.385417 0.122159 0.154167
0 0.0681818 0.933333 0.0568182 0.133333
2 0.673295 0.439583 0.107955 0.0958333
0 0.112216 0.704167 0.0426136 0.116667
2 0.460227 0.5375 0.119318 0.141667
2 0.316761 0.535417 0.0994318 0.1375
0 0.177557 0.783333 0.0539773 0.158333
2 0.846591 0.525 0.176136 0.116667
