9 0.046875 0.545833 0.0426136 0.0416667
2 0.271307 0.33125 0.0482955 0.0458333
0 0.589489 0.539583 0.0369318 0.104167
2 0.350852 0.435417 0.0653409 0.0708333
0 0.833807 0.53125 0.03125 0.0791667
2 0.31392 0.402083 0.0482955 0.0625
2 0.644886 0.420833 0.0909091 0.1
0 0.0553977 0.70625 0.0426136 0.1125
2 0.585227 0.445833 0.113636 0.0916667
2 0.517045 0.470833 0.107955 0.116667
0 0.727273 0.552083 0.0340909 0.0958333
2 0.386364 0.49375 0.0965909 0.1125
2 0.795455 0.4875 0.142045 0.1
2 0.62642 0.89375 0.428977 0.2125
