0 0.382102 0.529167 0.03125 0.116667
0 0.852273 0.479167 0.0340909 0.108333
0 0.62358 0.46875 0.0255682 0.1125
2 0.31108 0.285417 0.0369318 0.0375
0 0.596591 0.516667 0.0284091 0.1
2 0.553977 0.372917 0.102273 0.0791667
2 0.427557 0.43125 0.0994318 0.1125
2 0.0639205 0.54375 0.0880682 0.120833
0 0.732955 0.491667 0.0284091 0.116667
2 0.612216 0.364583 0.0823864 0.0625
2 0.387784 0.291667 0.0539773 0.05
0 0.660511 0.49375 0.03125 0.0875
2 0.509943 0.414583 0.116477 0.0875
2 0.1875 0.527083 0.0852273 0.120833
5 0.27983 0.416667 0.241477 0.25
