0 0.823864 0.46875 0.0284091 0.1125
0 0.960227 0.497917 0.0340909 0.1375
2 0.640625 0.354167 0.110795 0.0916667
5 0.534091 0.297917 0.147727 0.129167
0 0.394886 0.552083 0.0340909 0.1375
0 0.0113636 0.81875 0.0227273 0.154167
0 0.0241477 0.94375 0.0482955 0.1125
0 0.869318 0.514583 0.0340909 0.1125
0 0.778409 0.46875 0.0340909 0.1125
0 0.684659 0.516667 0.0454545 0.1
2 0.52983 0.4 0.122159 0.133333
0 0.566761 0.529167 0.03125 0.1
0 0.0553977 0.766667 0.0426136 0.15
5 0.31392 0.422917 0.178977 0.279167
