0 0.298295 0.725 0.0397727 0.116667
0 0.629261 0.577083 0.03125 0.1125
2 0.53125 0.852083 0.4375 0.295833
2 0.336648 0.575 0.105114 0.141667
0 0.896307 0.597917 0.0426136 0.120833
2 0.734375 0.470833 0.127841 0.1
0 0.713068 0.552083 0.0284091 0.104167
0 0.0667614 0.725 0.0369318 0.116667
5 0.53267 0.852083 0.440341 0.295833
2 0.448864 0.516667 0.107955 0.133333
0 0.333807 0.716667 0.0426136 0.158333
0 0.541193 0.616667 0.03125 0.125
2 0.818182 0.4625 0.119318 0.075
2 0.680398 0.495833 0.133523 0.1
