0 0.833807 0.452083 0.03125 0.104167
0 0.987216 0.44375 0.0255682 0.0958333
0 0.605114 0.510417 0.0284091 0.1125
2 0.0639205 0.552083 0.0994318 0.129167
0 0.803977 0.433333 0.0227273 0.0916667
5 0.28267 0.285417 0.0994318 0.0875
2 0.536932 0.341667 0.0738636 0.0583333
0 0.90767 0.454167 0.0255682 0.0916667
0 0.455966 0.514583 0.0369318 0.104167
0 0.585227 0.50625 0.0340909 0.120833
2 0.298295 0.889583 0.4375 0.220833
0 0.676136 0.51875 0.0227273 0.104167
5 0.161932 0.402083 0.181818 0.279167
2 0.329545 0.452083 0.102273 0.1125
