0 0.163352 0.683333 0.0596591 0.133333
0 0.461648 0.58125 0.0369318 0.120833
2 0.40625 0.439583 0.102273 0.129167
2 0.457386 0.366667 0.0738636 0.075
0 0.303977 0.583333 0.0454545 0.133333
0 0.708807 0.54375 0.03125 0.120833
0 0.835227 0.522917 0.0397727 0.1125
0 0.53267 0.525 0.03125 0.108333
0 0.0568182 0.670833 0.0454545 0.125
2 0.522727 0.425 0.102273 0.1
2 0.147727 0.91875 0.295455 0.1625
0 0.580966 0.570833 0.0369318 0.133333
5 0.708807 0.3625 0.28125 0.216667
5 0.286932 0.4 0.153409 0.25
