2 0.522727 0.34375 0.0795455 0.0791667
0 0.886364 0.50625 0.0340909 0.104167
0 0.957386 0.516667 0.0397727 0.116667
5 0.299716 0.275 0.0994318 0.116667
0 0.65625 0.504167 0.0454545 0.108333
0 0.40483 0.572917 0.0482955 0.145833
2 0.794034 0.389583 0.0994318 0.0791667
0 0.178977 0.645833 0.0568182 0.116667
0 0.555398 0.547917 0.0369318 0.1125
2 0.514205 0.414583 0.113636 0.0875
0 0.606534 0.48125 0.0369318 0.129167
0 0.112216 0.76875 0.0482955 0.154167
2 0.610795 0.402083 0.107955 0.0958333
0 0.507102 0.5875 0.0482955 0.141667
2 0.4375 0.4375 0.0965909 0.1
5 0.296875 0.420833 0.173295 0.291667
2 0.71733 0.4 0.116477 0.0916667
