2 0.311 0.452 0.06 0.071
2 0.291 0.394 0.043 0.054
2 0.287 0.344 0.034 0.029
2 0.828 0.427 0.105 0.071
2 0.737 0.394 0.077 0.046
2 0.672 0.367 0.054 0.05
2 0.611 0.34 0.062 0.046
2 0.553 0.323 0.043 0.029
7 0.592 0.429 0.134 0.158
2 0.484 0.59 0.122 0.163
2 0.399 0.442 0.077 0.092
2 0.359 0.388 0.043 0.05
2 0.351 0.346 0.031 0.025
2 0.334 0.333 0.031 0.033
2 0.916 0.785 0.168 0.304
2 0.584 0.533 0.122 0.108
2 0.483 0.431 0.08 0.079
2 0.445 0.385 0.043 0.037
2 0.42 0.35 0.034 0.05
2 0.384 0.325 0.034 0.042
2 0.557 0.854 0.426 0.292
2 0.472 0.306 0.028 0.029
2 0.509 0.333 0.034 0.033