2 0.311 0.452 0.06 0.071
2 0.291 0.394 0.043 0.054
2 0.287 0.344 0.034 0.029
2 0.727 0.394 0.057 0.046
2 0.672 0.367 0.054 0.05
2 0.611 0.34 0.062 0.046
2 0.553 0.323 0.043 0.029
7 0.592 0.429 0.134 0.158
2 0.551 0.504 0.136 0.142
2 0.486 0.431 0.08 0.087
2 0.452 0.375 0.062 0.092
2 0.406 0.346 0.028 0.033
2 0.416 0.506 0.082 0.113
2 0.396 0.446 0.048 0.058
2 0.371 0.377 0.048 0.087
2 0.297 0.904 0.497 0.192
2 0.479 0.306 0.026 0.021
2 0.794 0.431 0.128 0.096
2 0.172 0.829 0.344 0.283
2 0.845 0.887 0.31 0.225
2 0.786 0.765 0.355 0.204
7 0.359 0.315 0.048 0.062