2 0.224 0.487 0.068 0.1
2 0.212 0.429 0.054 0.042
2 0.197 0.379 0.037 0.05
2 0.197 0.342 0.031 0.033
2 0.817 0.465 0.116 0.062
2 0.709 0.417 0.071 0.05
2 0.639 0.39 0.057 0.046
2 0.592 0.371 0.048 0.05
2 0.528 0.35 0.045 0.042
2 0.49 0.335 0.037 0.037
2 0.466 0.329 0.023 0.033
2 0.442 0.317 0.031 0.033
2 0.655 0.942 0.236 0.108
2 0.371 0.519 0.088 0.138
2 0.308 0.415 0.065 0.087
2 0.724 0.76 0.244 0.246
2 0.489 0.527 0.114 0.104
2 0.976 0.683 0.043 0.108
2 0.662 0.546 0.153 0.15
2 0.476 0.429 0.077 0.067
2 0.412 0.388 0.062 0.05
2 0.499 0.356 0.048 0.037