2 0.224 0.487 0.068 0.1
2 0.212 0.429 0.054 0.042
2 0.197 0.379 0.037 0.05
2 0.197 0.342 0.031 0.033
2 0.817 0.465 0.116 0.062
2 0.709 0.417 0.071 0.05
2 0.639 0.39 0.057 0.046
2 0.592 0.371 0.048 0.05
2 0.528 0.35 0.045 0.042
2 0.49 0.335 0.037 0.037
2 0.466 0.329 0.023 0.033
2 0.442 0.317 0.031 0.033
2 0.349 0.49 0.08 0.087
2 0.436 0.469 0.105 0.113
2 0.578 0.483 0.111 0.092
2 0.472 0.415 0.08 0.079
2 0.415 0.388 0.045 0.05
2 0.378 0.375 0.045 0.042
2 0.315 0.433 0.062 0.092
2 0.286 0.388 0.048 0.075
2 0.362 0.412 0.048 0.058
2 0.334 0.369 0.043 0.046
2 0.967 0.571 0.06 0.092
2 0.973 0.665 0.048 0.096