2 0.224 0.487 0.068 0.1
2 0.212 0.429 0.054 0.042
2 0.197 0.379 0.037 0.05
2 0.197 0.342 0.031 0.033
2 0.817 0.465 0.116 0.062
2 0.709 0.417 0.071 0.05
2 0.639 0.39 0.057 0.046
2 0.592 0.371 0.048 0.05
2 0.528 0.35 0.045 0.042
2 0.49 0.335 0.037 0.037
2 0.466 0.329 0.023 0.033
2 0.442 0.317 0.031 0.033
2 0.342 0.477 0.077 0.104
2 0.429 0.46 0.08 0.096
2 0.376 0.41 0.065 0.062
2 0.344 0.381 0.057 0.071
2 0.547 0.465 0.094 0.096
2 0.479 0.423 0.065 0.071
2 0.304 0.423 0.057 0.062
2 0.922 0.542 0.156 0.1
2 0.51 0.756 0.344 0.254
2 0.501 0.954 0.514 0.083