2 0.224 0.487 0.068 0.1
2 0.212 0.429 0.054 0.042
2 0.197 0.379 0.037 0.05
2 0.197 0.342 0.031 0.033
2 0.817 0.465 0.116 0.062
2 0.709 0.417 0.071 0.05
2 0.639 0.39 0.057 0.046
2 0.592 0.371 0.048 0.05
2 0.528 0.35 0.045 0.042
2 0.49 0.335 0.037 0.037
2 0.466 0.329 0.023 0.033
2 0.442 0.317 0.031 0.033
2 0.409 0.61 0.119 0.154
2 0.324 0.442 0.062 0.1
2 0.287 0.392 0.045 0.075
2 0.714 0.735 0.281 0.329
2 0.455 0.498 0.102 0.096
2 0.395 0.433 0.068 0.067
2 0.854 0.644 0.241 0.163
2 0.51 0.442 0.094 0.092
2 0.435 0.404 0.057 0.05
2 0.382 0.373 0.043 0.046
2 0.501 0.358 0.043 0.042