2 0.314 0.442 0.06 0.075
2 0.32 0.392 0.054 0.067
2 0.295 0.373 0.034 0.046
2 0.307 0.342 0.04 0.042
2 0.432 0.51 0.085 0.113
2 0.426 0.446 0.068 0.083
2 0.555 0.483 0.094 0.092
2 0.494 0.427 0.074 0.079
2 0.462 0.396 0.06 0.058
2 0.396 0.406 0.054 0.071
2 0.426 0.367 0.045 0.042
2 0.636 0.45 0.108 0.1
2 0.56 0.404 0.074 0.075
2 0.501 0.373 0.06 0.054
2 0.412 0.344 0.04 0.029
2 0.476 0.344 0.037 0.037
2 0.45 0.315 0.026 0.029
2 0.494 0.315 0.034 0.029
2 0.509 0.321 0.04 0.033
2 0.467 0.321 0.037 0.033
2 0.152 0.867 0.304 0.25
2 0.967 0.573 0.065 0.096
2 0.368 0.335 0.031 0.046