2 0.580966 0.372917 0.0539773 0.0791667
2 0.409091 0.49375 0.125 0.154167
5 0.428977 0.291667 0.0965909 0.108333
2 0.521307 0.525 0.0994318 0.158333
2 0.673295 0.360417 0.0454545 0.0708333
2 0.651989 0.90625 0.213068 0.1875
2 0.129261 0.635417 0.196023 0.1875
2 0.678977 0.533333 0.0965909 0.141667
2 0.299716 0.629167 0.167614 0.216667
2 0.914773 0.839583 0.170455 0.3125
2 0.0852273 0.895833 0.170455 0.2
2 0.28267 0.508333 0.133523 0.116667
2 0.447443 0.741667 0.178977 0.291667
5 0.0980114 0.495833 0.196023 0.266667
