7 0.603693 0.370833 0.144886 0.216667
7 0.789773 0.510417 0.130682 0.2375
0 0.897727 0.860417 0.0681818 0.2375
5 0.603693 0.370833 0.144886 0.216667
2 0.700284 0.44375 0.0596591 0.104167
0 0.107955 0.710417 0.0454545 0.129167
2 0.625 0.554167 0.153409 0.225
5 0.491477 0.316667 0.0852273 0.1
2 0.0440341 0.61875 0.0880682 0.129167
5 0.295455 0.78125 0.585227 0.420833
0 0.0454545 0.752083 0.0511364 0.145833
2 0.475852 0.55 0.139205 0.1
2 0.451705 0.452083 0.113636 0.120833
2 0.31392 0.55 0.161932 0.158333
