7 0.136364 0.5625 0.164773 0.25
2 0.444602 0.44375 0.0823864 0.1125
2 0.643466 0.489583 0.0823864 0.104167
2 0.551136 0.425 0.0795455 0.0916667
5 0.09375 0.470833 0.1875 0.266667
7 0.258523 0.425 0.255682 0.233333
2 0.518466 0.504167 0.0994318 0.108333
2 0.761364 0.4 0.0681818 0.0916667
0 0.478693 0.7875 0.0539773 0.133333
0 0.335227 0.897917 0.0625 0.195833
2 0.846591 0.883333 0.301136 0.233333
2 0.455966 0.641667 0.150568 0.2
2 0.37642 0.5125 0.122159 0.15
2 0.620739 0.620833 0.122159 0.183333
2 0.207386 0.708333 0.232955 0.291667
