2 0.446023 0.45625 0.0795455 0.104167
2 0.598011 0.335417 0.0426136 0.0541667
2 0.575284 0.389583 0.0596591 0.0791667
5 0.107955 0.472917 0.215909 0.279167
0 0.173295 0.870833 0.0568182 0.191667
2 0.551136 0.445833 0.0795455 0.108333
2 0.365057 0.529167 0.133523 0.15
2 0.681818 0.447917 0.0795455 0.0958333
2 0.747159 0.40625 0.0795455 0.0958333
0 0.957386 0.514583 0.0284091 0.1125
0 0.769886 0.78125 0.0738636 0.170833
2 0.149148 0.616667 0.184659 0.183333
7 0.336648 0.404167 0.190341 0.241667
2 0.663352 0.579167 0.110795 0.191667
2 0.495739 0.541667 0.122159 0.175
