2 0.660511 0.289583 0.0369318 0.0458333
2 0.346591 0.335417 0.0568182 0.0625
2 0.838068 0.545833 0.142045 0.216667
2 0.988636 0.779167 0.0227273 0.0916667
2 0.585227 0.38125 0.0625 0.0875
2 0.488636 0.391667 0.0681818 0.075
5 0.774148 0.416667 0.0994318 0.166667
2 0.440341 0.360417 0.0625 0.0625
7 0.396307 0.291667 0.0653409 0.0916667
2 0.370739 0.833333 0.269886 0.325
2 0.49858 0.570833 0.116477 0.158333
2 0.541193 0.460417 0.0880682 0.1125
5 0.700284 0.627083 0.21875 0.5125
7 0.190341 0.677083 0.380682 0.629167
