2 0.754261 0.4 0.0596591 0.0916667
2 0.988636 0.777083 0.0227273 0.0875
2 0.664773 0.425 0.0738636 0.1
2 0.505682 0.358333 0.0681818 0.0916667
0 0.0241477 0.860417 0.0482955 0.1875
5 0.167614 0.497917 0.335227 0.3625
2 0.818182 0.502083 0.125 0.204167
0 0.93892 0.566667 0.0369318 0.116667
0 0.0355114 0.752083 0.0426136 0.154167
0 0.511364 0.90625 0.0909091 0.1875
7 0.167614 0.5 0.335227 0.366667
2 0.647727 0.535417 0.102273 0.1375
2 0.53267 0.466667 0.0994318 0.133333
2 0.475852 0.63125 0.144886 0.2125
7 0.34517 0.5 0.230114 0.325
