2 0.508523 0.360417 0.0511364 0.0708333
2 0.399148 0.377083 0.0539773 0.0875
2 0.711648 0.285417 0.03125 0.0458333
7 0.0340909 0.51875 0.0681818 0.2375
1 0.755682 0.685417 0.0340909 0.104167
0 0.754261 0.629167 0.0426136 0.116667
2 0.586648 0.360417 0.0539773 0.0625
2 0.46875 0.4125 0.0738636 0.1
2 0.224432 0.760417 0.232955 0.279167
2 0.903409 0.852083 0.193182 0.2875
2 0.650568 0.45 0.0852273 0.116667
2 0.546875 0.447917 0.0823864 0.104167
2 0.454545 0.666667 0.170455 0.291667
2 0.620739 0.63125 0.127841 0.245833
7 0.25 0.464583 0.261364 0.329167
