2 0.509943 0.345833 0.0596591 0.075
2 0.818182 0.502083 0.125 0.204167
2 0.663352 0.86875 0.213068 0.2625
2 0.580966 0.352083 0.0482955 0.0625
0 0.982955 0.489583 0.0284091 0.0958333
2 0.65483 0.391667 0.0596591 0.0833333
0 0.941761 0.508333 0.03125 0.1
0 0.910511 0.502083 0.0255682 0.104167
2 0.322443 0.902083 0.241477 0.195833
2 0.521307 0.485417 0.110795 0.170833
5 0.383523 0.3 0.181818 0.141667
2 0.680398 0.533333 0.0994318 0.141667
2 0.129261 0.63125 0.184659 0.1875
2 0.318182 0.45 0.0965909 0.1
2 0.434659 0.458333 0.0965909 0.108333
