2 0.421875 0.477083 0.127841 0.154167
7 0.606534 0.38125 0.122159 0.1375
5 0.490057 0.316667 0.0823864 0.1
0 0.0681818 0.460417 0.0227273 0.0708333
2 0.507102 0.408333 0.0823864 0.0916667
2 0.534091 0.5 0.119318 0.116667
2 0.947443 0.5625 0.105114 0.191667
2 0.671875 0.483333 0.105114 0.133333
0 0.0511364 0.508333 0.0284091 0.0916667
2 0.59233 0.664583 0.178977 0.279167
2 0.40483 0.622917 0.190341 0.229167
2 0.27983 0.602083 0.173295 0.1625
2 0.798295 0.5875 0.119318 0.175
5 0.262784 0.45625 0.349432 0.3125
