0 0.990057 0.395833 0.0198864 0.075
2 0.441761 0.54375 0.150568 0.1625
2 0.795455 0.377083 0.0568182 0.0875
2 0.393466 0.63125 0.139205 0.170833
2 0.71875 0.364583 0.0511364 0.0708333
2 0.897727 0.40625 0.0681818 0.0791667
2 0.660511 0.458333 0.0880682 0.125
0 0.97017 0.852083 0.0539773 0.170833
2 0.473011 0.4375 0.0880682 0.0916667
2 0.370739 0.514583 0.133523 0.145833
2 0.536932 0.489583 0.0909091 0.1125
2 0.77983 0.46875 0.0823864 0.0958333
2 0.617898 0.58125 0.127841 0.170833
2 0.791193 0.579167 0.116477 0.175
