2 0.921875 0.470833 0.0880682 0.116667
2 0.634943 0.302083 0.0369318 0.0458333
1 0.105114 0.589583 0.0625 0.0791667
2 0.50142 0.414583 0.0880682 0.0875
0 0.393466 0.345833 0.0142045 0.05
0 0.129261 0.46875 0.0255682 0.0791667
2 0.946023 0.560417 0.107955 0.195833
2 0.546875 0.802083 0.247159 0.379167
2 0.795455 0.422917 0.0852273 0.1125
5 0.491477 0.3125 0.0852273 0.1
2 0.622159 0.38125 0.0681818 0.0708333
2 0.664773 0.472917 0.0909091 0.1125
2 0.526989 0.483333 0.110795 0.133333
7 0.244318 0.760417 0.352273 0.4625
