2 0.59517 0.329167 0.0539773 0.0666667
7 0.526989 0.76875 0.224432 0.345833
2 0.653409 0.347917 0.0454545 0.0541667
2 0.805398 0.3 0.03125 0.0416667
2 0.526989 0.770833 0.224432 0.341667
5 0.862216 0.289583 0.0596591 0.120833
2 0.801136 0.397917 0.0625 0.0958333
7 0.53267 0.29375 0.0710227 0.0791667
2 0.93608 0.5 0.105114 0.158333
2 0.771307 0.495833 0.0880682 0.116667
2 0.684659 0.385417 0.0625 0.0875
7 0.151989 0.775 0.303977 0.441667
7 0.359375 0.589583 0.423295 0.5375
2 0.630682 0.545833 0.125 0.158333
7 0.909091 0.7875 0.181818 0.416667
