0 0.193182 0.383333 0.0227273 0.0666667
7 0.519886 0.320833 0.0909091 0.141667
2 0.288352 0.477083 0.122159 0.145833
2 0.403409 0.383333 0.0852273 0.0916667
0 0.5625 0.791667 0.0625 0.166667
2 0.651989 0.533333 0.09375 0.141667
0 0.826705 0.816667 0.0738636 0.166667
2 0.701705 0.6875 0.142045 0.25
2 0.393466 0.51875 0.127841 0.1375
0 0.816761 0.645833 0.0482955 0.0916667
5 0.382102 0.3 0.184659 0.15
2 0.149148 0.60625 0.184659 0.204167
0 0.894886 0.758333 0.0511364 0.166667
2 0.292614 0.641667 0.176136 0.191667
2 0.892045 0.945833 0.215909 0.108333
2 0.49858 0.595833 0.133523 0.208333
