0 0.417614 0.739583 0.0681818 0.154167
0 0.646307 0.80625 0.0369318 0.170833
2 0.897727 0.408333 0.0681818 0.0833333
2 0.661932 0.458333 0.0852273 0.116667
0 0.559659 0.722917 0.0625 0.145833
2 0.473011 0.4375 0.0880682 0.0916667
2 0.536932 0.489583 0.0909091 0.1125
2 0.419034 0.591667 0.196023 0.25
2 0.77983 0.46875 0.0823864 0.0958333
0 0.747159 0.764583 0.0511364 0.1625
0 0.605114 0.839583 0.0568182 0.195833
2 0.375 0.516667 0.142045 0.15
2 0.617898 0.58125 0.127841 0.170833
2 0.789773 0.579167 0.119318 0.175
