2 0.669034 0.3 0.03125 0.0416667
0 0.974432 0.489583 0.0340909 0.0958333
2 0.544034 0.33125 0.0482955 0.0625
2 0.392045 0.3875 0.0681818 0.0833333
0 0.899148 0.44375 0.0255682 0.0875
2 0.590909 0.347917 0.0454545 0.0625
2 0.951705 0.929167 0.0965909 0.141667
0 0.809659 0.375 0.0170455 0.0666667
2 0.47017 0.4125 0.0767045 0.0916667
2 0.72017 0.929167 0.201705 0.141667
2 0.663352 0.370833 0.0539773 0.0666667
2 0.100852 0.891667 0.201705 0.216667
2 0.309659 0.458333 0.119318 0.125
2 0.637784 0.604167 0.139205 0.25
2 0.549716 0.466667 0.0994318 0.133333
2 0.410511 0.71875 0.190341 0.3125
2 0.166193 0.608333 0.167614 0.158333
