7 0.377841 0.397917 0.107955 0.145833
2 0.786932 0.658333 0.147727 0.241667
2 0.536932 0.464583 0.0909091 0.120833
0 0.9375 0.785417 0.0738636 0.1625
0 0.360795 0.877083 0.0511364 0.179167
0 0.944602 0.647917 0.0426136 0.1375
2 0.488636 0.585417 0.125 0.170833
2 0.670455 0.414583 0.0681818 0.104167
5 0.383523 0.302083 0.181818 0.145833
2 0.318182 0.577083 0.181818 0.220833
0 0.22017 0.783333 0.0482955 0.158333
2 0.632102 0.602083 0.110795 0.1875
0 0.0752841 0.8 0.0653409 0.183333
2 0.0894886 0.55 0.167614 0.175
2 0.129261 0.60625 0.201705 0.2125
