2 0.579545 0.385417 0.0568182 0.0875
0 0.856534 0.377083 0.0142045 0.0541667
2 0.0397727 0.539583 0.0795455 0.129167
0 0.913352 0.477083 0.03125 0.104167
2 0.541193 0.491667 0.105114 0.166667
2 0.346591 0.433333 0.0965909 0.116667
2 0.110795 0.627083 0.221591 0.254167
2 0.653409 0.3625 0.0568182 0.0916667
2 0.465909 0.4125 0.0795455 0.108333
2 0.671875 0.464583 0.0823864 0.1125
2 0.170455 0.71875 0.255682 0.2625
2 0.370739 0.533333 0.127841 0.158333
2 0.423295 0.802083 0.215909 0.329167
2 0.673295 0.7375 0.170455 0.333333
