2 0.512784 0.35625 0.0653409 0.0791667
2 0.585227 0.35 0.0511364 0.0583333
2 0.752841 0.414583 0.0738636 0.0958333
0 0.948864 0.560417 0.0340909 0.1125
2 0.372159 0.402083 0.0852273 0.0958333
0 0.90483 0.46875 0.0255682 0.0875
2 0.441761 0.435417 0.09375 0.120833
7 0.200284 0.69375 0.286932 0.395833
2 0.65767 0.385417 0.0653409 0.104167
2 0.295455 0.935417 0.244318 0.120833
2 0.535511 0.460417 0.0880682 0.1125
2 0.0411932 0.727083 0.0823864 0.195833
2 0.420455 0.758333 0.193182 0.3
2 0.640625 0.833333 0.184659 0.333333
2 0.694602 0.525 0.105114 0.133333
