5 0.4375 0.291667 0.0625 0.0916667
2 0.629261 0.902083 0.190341 0.195833
2 0.318182 0.458333 0.102273 0.116667
2 0.606534 0.310417 0.0426136 0.0625
2 0.721591 0.339583 0.0454545 0.0541667
2 0.586648 0.36875 0.0482955 0.0625
2 0.507102 0.491667 0.110795 0.175
2 0.65625 0.360417 0.0511364 0.0625
2 0.93608 0.929167 0.127841 0.133333
2 0.411932 0.4625 0.0909091 0.116667
2 0.758523 0.416667 0.0738636 0.0833333
2 0.651989 0.483333 0.0823864 0.108333
7 0.204545 0.695833 0.272727 0.341667
2 0.315341 0.84375 0.267045 0.3125
5 0.255682 0.408333 0.25 0.241667
