2 0.897727 0.408333 0.0681818 0.0833333
0 0.538352 0.858333 0.0482955 0.175
0 0.106534 0.435417 0.0255682 0.0625
2 0.473011 0.439583 0.0880682 0.0875
2 0.661932 0.464583 0.0852273 0.1125
2 0.400568 0.622917 0.153409 0.1875
2 0.536932 0.489583 0.0909091 0.1125
2 0.77983 0.46875 0.0823864 0.0958333
2 0.369318 0.51875 0.130682 0.145833
0 0.893466 0.789583 0.0710227 0.1625
0 0.484375 0.814583 0.0482955 0.1875
0 0.553977 0.752083 0.0397727 0.1875
0 0.666193 0.729167 0.0596591 0.166667
2 0.617898 0.58125 0.127841 0.170833
2 0.791193 0.579167 0.116477 0.175
