0 0.0411932 0.735417 0.0426136 0.129167
2 0.988636 0.779167 0.0227273 0.0916667
7 0.816761 0.497917 0.122159 0.204167
5 0.383523 0.302083 0.181818 0.145833
2 0.319602 0.577083 0.184659 0.220833
2 0.471591 0.620833 0.113636 0.166667
2 0.534091 0.470833 0.0965909 0.125
0 0.27983 0.872917 0.0539773 0.195833
0 0.450284 0.845833 0.0596591 0.183333
2 0.684659 0.454167 0.0909091 0.125
2 0.786932 0.652083 0.142045 0.254167
2 0.62642 0.602083 0.116477 0.1875
2 0.0909091 0.545833 0.170455 0.183333
2 0.129261 0.60625 0.201705 0.2125
