7 0.819602 0.502083 0.122159 0.204167
2 0.262784 0.88125 0.292614 0.2375
2 0.370739 0.4125 0.0823864 0.108333
2 0.552557 0.48125 0.0823864 0.104167
0 0.964489 0.697917 0.0426136 0.154167
2 0.444602 0.45 0.09375 0.108333
2 0.887784 0.939583 0.224432 0.120833
2 0.65767 0.460417 0.0767045 0.104167
2 0.294034 0.652083 0.190341 0.2125
5 0.383523 0.3 0.181818 0.141667
2 0.511364 0.614583 0.119318 0.1875
2 0.697443 0.675 0.139205 0.258333
2 0.24858 0.529167 0.139205 0.125
2 0.0710227 0.766667 0.142045 0.266667
