0 0.806818 0.3625 0.0170455 0.0666667
2 0.643466 0.902083 0.196023 0.195833
2 0.651989 0.416667 0.0596591 0.0833333
2 0.221591 0.833333 0.414773 0.325
0 0.839489 0.429167 0.0255682 0.0833333
2 0.40767 0.3875 0.0880682 0.0833333
2 0.0284091 0.745833 0.0568182 0.166667
2 0.548295 0.454167 0.0852273 0.108333
2 0.653409 0.495833 0.0852273 0.116667
2 0.369318 0.53125 0.130682 0.145833
2 0.867898 0.8 0.196023 0.316667
2 0.471591 0.614583 0.142045 0.1875
2 0.275568 0.520833 0.130682 0.125
5 0.103693 0.522917 0.207386 0.2875
