2 0.816761 0.5 0.127841 0.191667
0 0.49858 0.785417 0.0482955 0.1625
0 0.387784 0.685417 0.0426136 0.145833
7 0.377841 0.397917 0.107955 0.145833
0 0.791193 0.779167 0.0653409 0.158333
0 0.515625 0.89375 0.0596591 0.170833
2 0.536932 0.464583 0.0909091 0.120833
5 0.387784 0.3 0.190341 0.141667
2 0.674716 0.427083 0.0767045 0.104167
2 0.319602 0.575 0.184659 0.225
2 0.785511 0.652083 0.144886 0.254167
0 0.941761 0.6875 0.0482955 0.15
2 0.488636 0.583333 0.125 0.175
0 0.113636 0.779167 0.0568182 0.158333
2 0.0909091 0.547917 0.170455 0.179167
2 0.632102 0.6 0.105114 0.183333
2 0.129261 0.6125 0.201705 0.208333
