2 0.988636 0.779167 0.0227273 0.0916667
2 0.708807 0.6125 0.15625 0.291667
7 0.818182 0.5 0.125 0.208333
2 0.663352 0.429167 0.0653409 0.0833333
7 0.377841 0.3625 0.0738636 0.125
0 0.943182 0.527083 0.0284091 0.120833
2 0.238636 0.408333 0.107955 0.0833333
2 0.56392 0.422917 0.0767045 0.0875
2 0.169034 0.829167 0.303977 0.333333
2 0.24858 0.51875 0.133523 0.129167
2 0.518466 0.516667 0.0994318 0.125
2 0.392045 0.49375 0.125 0.145833
2 0.0667614 0.710417 0.133523 0.2125
7 0.46733 0.366667 0.116477 0.183333
