2 0.660511 0.31875 0.0369318 0.0458333
2 0.421875 0.447917 0.116477 0.154167
2 0.617898 0.28125 0.0255682 0.0375
2 0.575284 0.35 0.0653409 0.1
5 0.450284 0.295833 0.105114 0.116667
2 0.713068 0.291667 0.0340909 0.0416667
2 0.734375 0.397917 0.0767045 0.0791667
2 0.0738636 0.90625 0.147727 0.179167
2 0.659091 0.445833 0.0738636 0.108333
2 0.28125 0.508333 0.125 0.116667
2 0.507102 0.50625 0.105114 0.154167
5 0.278409 0.389583 0.261364 0.229167
2 0.295455 0.6125 0.170455 0.208333
2 0.409091 0.75 0.193182 0.275
