2 0.505682 0.358333 0.0681818 0.0916667
0 0.465909 0.741667 0.0738636 0.15
2 0.666193 0.425 0.0767045 0.108333
0 0.590909 0.80625 0.0397727 0.1625
0 0.960227 0.516667 0.0284091 0.108333
0 0.721591 0.74375 0.0397727 0.1625
0 0.534091 0.914583 0.0681818 0.170833
5 0.167614 0.491667 0.335227 0.35
0 0.663352 0.854167 0.0596591 0.158333
7 0.167614 0.49375 0.335227 0.354167
2 0.646307 0.535417 0.0994318 0.1375
2 0.53267 0.46875 0.0994318 0.1375
2 0.475852 0.633333 0.150568 0.208333
7 0.34517 0.502083 0.230114 0.329167
