0 0.963068 0.341667 0.0170455 0.0583333
2 0.643466 0.491667 0.0823864 0.1
5 0.09375 0.472917 0.1875 0.270833
2 0.444602 0.439583 0.0823864 0.1125
2 0.514205 0.50625 0.0965909 0.1125
0 0.363636 0.891667 0.0511364 0.166667
7 0.22017 0.495833 0.332386 0.375
0 0.754261 0.55 0.0255682 0.1
0 0.0553977 0.839583 0.0482955 0.145833
2 0.759943 0.402083 0.0653409 0.0875
2 0.846591 0.885417 0.301136 0.229167
2 0.455966 0.639583 0.150568 0.195833
2 0.619318 0.622917 0.125 0.1875
2 0.37642 0.5125 0.122159 0.15
2 0.208807 0.710417 0.230114 0.2875
