1 0.0724432 0.510417 0.03125 0.0541667
7 0.078125 0.877083 0.15625 0.2375
2 0.579545 0.339583 0.0511364 0.0708333
0 0.0511364 0.464583 0.0170455 0.0791667
2 0.167614 0.65 0.215909 0.208333
2 0.805398 0.308333 0.03125 0.0416667
2 0.62642 0.372917 0.0710227 0.0791667
2 0.455966 0.44375 0.0994318 0.0791667
2 0.507102 0.797917 0.235795 0.370833
7 0.721591 0.36875 0.0852273 0.1625
7 0.349432 0.716667 0.488636 0.533333
2 0.81392 0.477083 0.09375 0.120833
2 0.659091 0.53125 0.107955 0.1375
2 0.778409 0.754167 0.170455 0.308333
