2 0.348011 0.483333 0.0767045 0.0833333
2 0.323864 0.4 0.0340909 0.0333333
5 0.380682 0.377083 0.0738636 0.0875
2 0.355114 0.429167 0.0454545 0.05
2 0.291193 0.416667 0.0426136 0.05
2 0.252841 0.435417 0.0397727 0.0458333
2 0.268466 0.533333 0.0767045 0.1
2 0.410511 0.477083 0.0653409 0.0708333
2 0.268466 0.472917 0.0482955 0.0541667
2 0.205966 0.422917 0.0426136 0.0458333
2 0.295455 0.6625 0.0965909 0.133333
2 0.5 0.560417 0.0909091 0.0958333
2 0.423295 0.625 0.107955 0.116667
2 0.599432 0.879167 0.244318 0.241667
2 0.634943 0.710417 0.167614 0.154167
