2 0.860795 0.360417 0.0340909 0.0708333
2 0.705966 0.379167 0.0767045 0.133333
7 0.622159 0.29375 0.0568182 0.0875
2 0.0909091 0.86875 0.181818 0.2625
2 0.879261 0.40625 0.0426136 0.0791667
2 0.677557 0.31875 0.0369318 0.0458333
2 0.582386 0.341667 0.0568182 0.0666667
2 0.612216 0.39375 0.0767045 0.0958333
2 0.137784 0.685417 0.252841 0.204167
2 0.544034 0.73125 0.184659 0.2375
2 0.805398 0.358333 0.0482955 0.0583333
2 0.43608 0.46875 0.110795 0.1125
2 0.541193 0.479167 0.105114 0.116667
2 0.419034 0.610417 0.167614 0.204167
