5 0.384943 0.302083 0.178977 0.154167
2 0.521307 0.341667 0.0482955 0.0666667
2 0.703125 0.364583 0.0482955 0.0625
2 0.497159 0.377083 0.0454545 0.0541667
2 0.411932 0.489583 0.0852273 0.145833
2 0.568182 0.38125 0.0795455 0.1375
2 0.318182 0.577083 0.176136 0.2125
2 0.815341 0.483333 0.142045 0.175
2 0.670455 0.414583 0.0681818 0.104167
2 0.471591 0.427083 0.0625 0.0958333
2 0.627841 0.602083 0.0965909 0.179167
2 0.536932 0.466667 0.0909091 0.125
2 0.785511 0.647917 0.133523 0.254167
7 0.377841 0.4 0.107955 0.15
2 0.130682 0.60625 0.198864 0.204167
2 0.490057 0.583333 0.122159 0.166667
2 0.0909091 0.55 0.164773 0.175
