2 0.752841 0.354167 0.0511364 0.0666667
2 0.538352 0.304167 0.0539773 0.0583333
2 0.671875 0.31875 0.0426136 0.0625
7 0.87642 0.31875 0.0767045 0.104167
7 0.822443 0.391667 0.09375 0.191667
2 0.714489 0.427083 0.0653409 0.0791667
2 0.708807 0.5125 0.0823864 0.141667
2 0.551136 0.38125 0.0681818 0.0708333
2 0.434659 0.36875 0.0738636 0.0708333
2 0.605114 0.41875 0.0681818 0.0791667
2 0.644886 0.352083 0.0681818 0.0875
2 0.703125 0.30625 0.03125 0.0458333
2 0.678977 0.625 0.113636 0.225
2 0.471591 0.614583 0.147727 0.195833
2 0.465909 0.4375 0.0965909 0.116667
2 0.556818 0.4875 0.113636 0.133333
2 0.585227 0.34375 0.0511364 0.0541667
2 0.34517 0.520833 0.133523 0.15
