2 0.673295 0.333333 0.0397727 0.05
5 0.487216 0.316667 0.0823864 0.1
2 0.730114 0.335417 0.0625 0.0958333
2 0.883523 0.402083 0.0454545 0.0791667
7 0.605114 0.385417 0.0965909 0.1375
2 0.507102 0.408333 0.0767045 0.1
2 0.535511 0.504167 0.110795 0.125
2 0.704545 0.395833 0.0568182 0.0583333
2 0.795455 0.5875 0.107955 0.175
2 0.59233 0.6625 0.173295 0.275
2 0.674716 0.4875 0.105114 0.141667
2 0.421875 0.475 0.122159 0.141667
2 0.40483 0.625 0.184659 0.216667
2 0.28267 0.602083 0.173295 0.1625
5 0.264205 0.45625 0.352273 0.320833
