2 0.613636 0.333333 0.0340909 0.05
2 0.423295 0.358333 0.0681818 0.0666667
2 0.882102 0.889583 0.235795 0.220833
2 0.659091 0.339583 0.0397727 0.0458333
2 0.336648 0.427083 0.122159 0.145833
2 0.417614 0.4625 0.119318 0.166667
2 0.65767 0.45625 0.0653409 0.0791667
2 0.776989 0.489583 0.0823864 0.1375
2 0.446023 0.6875 0.170455 0.258333
2 0.568182 0.41875 0.0681818 0.0875
2 0.721591 0.36875 0.0454545 0.0625
2 0.821023 0.64375 0.119318 0.229167
2 0.636364 0.616667 0.125 0.25
2 0.65483 0.385417 0.0539773 0.0625
2 0.74858 0.410417 0.0596591 0.0708333
2 0.507102 0.379167 0.0596591 0.0666667
2 0.586648 0.360417 0.0482955 0.0541667
2 0.178977 0.602083 0.170455 0.179167
