2 0.653409 0.2875 0.0340909 0.0333333
2 0.752841 0.2875 0.0340909 0.0416667
2 0.551136 0.372917 0.0681818 0.0708333
2 0.928977 0.48125 0.0909091 0.1375
2 0.794034 0.364583 0.0482955 0.0541667
2 0.548295 0.464583 0.0965909 0.1125
2 0.348011 0.6875 0.235795 0.275
5 0.492898 0.341667 0.190341 0.158333
2 0.683239 0.3125 0.0426136 0.0416667
2 0.901989 0.422917 0.0596591 0.0791667
2 0.816761 0.4875 0.09375 0.158333
2 0.697443 0.397917 0.0596591 0.0875
2 0.386364 0.50625 0.130682 0.129167
2 0.642045 0.358333 0.0568182 0.0583333
2 0.107955 0.727083 0.215909 0.2625
