2 0.948864 0.560417 0.102273 0.195833
2 0.698864 0.410417 0.0681818 0.104167
7 0.620739 0.39375 0.0596591 0.1125
2 0.6875 0.310417 0.0397727 0.0458333
2 0.882102 0.404167 0.0426136 0.0833333
2 0.791193 0.45 0.0653409 0.0833333
2 0.747159 0.310417 0.0397727 0.0541667
2 0.666193 0.3375 0.0426136 0.0583333
2 0.784091 0.552083 0.0909091 0.154167
2 0.329545 0.53125 0.159091 0.170833
2 0.59233 0.689583 0.150568 0.2375
2 0.660511 0.489583 0.110795 0.179167
2 0.72017 0.358333 0.0539773 0.0666667
7 0.492898 0.483333 0.201705 0.3
