2 0.558239 0.404167 0.0880682 0.141667
2 0.0284091 0.73125 0.0568182 0.170833
2 0.444602 0.35 0.0539773 0.0583333
2 0.691761 0.472917 0.0880682 0.1375
2 0.129261 0.829167 0.258523 0.341667
2 0.613636 0.735417 0.136364 0.254167
7 0.288352 0.464583 0.15625 0.195833
2 0.660511 0.3625 0.0482955 0.0583333
2 0.457386 0.441667 0.0852273 0.108333
2 0.397727 0.395833 0.0681818 0.0833333
5 0.383523 0.297917 0.176136 0.145833
2 0.416193 0.766667 0.184659 0.275
2 0.509943 0.520833 0.110795 0.15
2 0.816761 0.78125 0.184659 0.354167
2 0.336648 0.560417 0.144886 0.1875
