2 0.916193 0.477083 0.0767045 0.120833
2 0.882102 0.40625 0.0426136 0.0875
2 0.632102 0.302083 0.0369318 0.0458333
2 0.947443 0.5625 0.105114 0.2
5 0.490057 0.31875 0.0823864 0.0958333
2 0.659091 0.33125 0.0284091 0.0541667
2 0.53125 0.38125 0.0909091 0.0958333
2 0.596591 0.41875 0.0795455 0.104167
2 0.81108 0.59375 0.133523 0.245833
2 0.458807 0.445833 0.0994318 0.116667
7 0.707386 0.370833 0.0965909 0.191667
2 0.637784 0.377083 0.0482955 0.0708333
2 0.590909 0.3375 0.0568182 0.0583333
2 0.62358 0.547917 0.139205 0.220833
2 0.305398 0.5625 0.161932 0.208333
2 0.514205 0.508333 0.130682 0.158333
