2 0.633523 0.304167 0.0397727 0.05
2 0.914773 0.477083 0.0795455 0.120833
5 0.490057 0.31875 0.0823864 0.104167
2 0.526989 0.385417 0.0880682 0.0875
2 0.882102 0.40625 0.0426136 0.0875
2 0.877841 0.3625 0.0568182 0.0666667
2 0.59517 0.420833 0.0767045 0.1
2 0.8125 0.59375 0.136364 0.245833
7 0.694602 0.410417 0.110795 0.229167
2 0.590909 0.339583 0.0568182 0.0625
2 0.458807 0.447917 0.0994318 0.120833
2 0.62358 0.547917 0.139205 0.220833
2 0.514205 0.508333 0.130682 0.158333
2 0.305398 0.5625 0.161932 0.208333
