5 0.455966 0.2875 0.0994318 0.1
2 0.321023 0.845833 0.255682 0.308333
2 0.93892 0.93125 0.122159 0.1375
2 0.663352 0.291667 0.03125 0.0333333
2 0.651989 0.48125 0.0767045 0.120833
2 0.606534 0.3125 0.0426136 0.0583333
2 0.485795 0.322917 0.0511364 0.0541667
2 0.757102 0.416667 0.0710227 0.0833333
2 0.420455 0.4625 0.102273 0.116667
2 0.31392 0.4625 0.110795 0.125
2 0.583807 0.372917 0.0482955 0.0625
2 0.204545 0.695833 0.278409 0.333333
2 0.721591 0.339583 0.0454545 0.0541667
2 0.541193 0.325 0.0482955 0.05
2 0.65767 0.360417 0.0482955 0.0625
5 0.257102 0.40625 0.252841 0.2375
2 0.509943 0.491667 0.116477 0.175
