7 0.485795 0.316667 0.0852273 0.1
2 0.697443 0.441667 0.0710227 0.108333
2 0.0397727 0.622917 0.0795455 0.145833
2 0.867898 0.310417 0.0426136 0.0458333
2 0.676136 0.322917 0.0397727 0.0625
2 0.784091 0.514583 0.113636 0.245833
2 0.732955 0.325 0.0454545 0.0583333
2 0.802557 0.329167 0.0539773 0.0666667
2 0.731534 0.39375 0.0596591 0.0791667
2 0.315341 0.558333 0.153409 0.158333
2 0.62642 0.55625 0.144886 0.220833
7 0.583807 0.39375 0.161932 0.2375
2 0.454545 0.454167 0.113636 0.125
2 0.453125 0.597917 0.167614 0.1875
