2 0.647727 0.285417 0.0340909 0.0375
2 0.825284 0.3375 0.0539773 0.0666667
2 0.713068 0.283333 0.0284091 0.0333333
2 0.829545 0.414583 0.0681818 0.0875
2 0.52983 0.308333 0.0426136 0.0416667
2 0.75 0.325 0.0397727 0.0416667
2 0.697443 0.41875 0.0767045 0.1125
2 0.808239 0.627083 0.127841 0.2375
2 0.502841 0.41875 0.0909091 0.0875
2 0.605114 0.41875 0.0795455 0.0958333
2 0.93608 0.945833 0.127841 0.108333
2 0.619318 0.31875 0.0454545 0.0458333
2 0.261364 0.616667 0.1875 0.175
2 0.65625 0.35 0.0568182 0.0666667
2 0.62642 0.55625 0.127841 0.170833
2 0.482955 0.55625 0.136364 0.154167
2 0.569602 0.35625 0.0596591 0.0625
