2 0.0639205 0.74375 0.122159 0.229167
5 0.397727 0.31875 0.153409 0.129167
2 0.684659 0.345833 0.0454545 0.0583333
2 0.6875 0.410417 0.0625 0.0791667
2 0.525568 0.341667 0.0511364 0.0583333
2 0.424716 0.38125 0.0767045 0.0875
2 0.676136 0.497917 0.0852273 0.129167
2 0.589489 0.395833 0.0539773 0.075
2 0.329545 0.458333 0.0965909 0.108333
2 0.821023 0.7 0.147727 0.25
2 0.542614 0.460417 0.0909091 0.129167
2 0.488636 0.397917 0.0738636 0.0875
2 0.619318 0.820833 0.164773 0.325
2 0.205966 0.754167 0.235795 0.283333
2 0.40483 0.497917 0.116477 0.145833
2 0.440341 0.652083 0.159091 0.254167
