2 0.667614 0.477083 0.0511364 0.0625
2 0.494318 0.383333 0.0681818 0.0833333
2 0.653409 0.45625 0.0681818 0.0625
2 0.471591 0.339583 0.0397727 0.0458333
2 0.647727 0.61875 0.113636 0.179167
2 0.742898 0.360417 0.0482955 0.0541667
2 0.572443 0.3875 0.0596591 0.0833333
2 0.542614 0.464583 0.0852273 0.1125
2 0.660511 0.345833 0.0482955 0.0583333
2 0.590909 0.35 0.0454545 0.0583333
2 0.661932 0.402083 0.0568182 0.0791667
2 0.272727 0.50625 0.125 0.154167
2 0.542614 0.333333 0.0397727 0.05
2 0.5 0.54375 0.113636 0.154167
2 0.430398 0.379167 0.0653409 0.0583333
2 0.37358 0.429167 0.0880682 0.1
2 0.795455 0.68125 0.136364 0.2375
2 0.443182 0.464583 0.0965909 0.120833
2 0.132102 0.616667 0.184659 0.191667
2 0.357955 0.558333 0.147727 0.183333
