7 0.596591 0.329167 0.0568182 0.0916667
2 0.518466 0.316667 0.0539773 0.0416667
2 0.53267 0.347917 0.0426136 0.0541667
2 0.556818 0.4375 0.0738636 0.133333
2 0.359375 0.422917 0.0823864 0.0958333
2 0.490057 0.39375 0.0653409 0.0875
2 0.647727 0.58125 0.107955 0.170833
2 0.356534 0.341667 0.0596591 0.05
2 0.59233 0.391667 0.0482955 0.075
2 0.379261 0.527083 0.122159 0.154167
2 0.0866477 0.88125 0.173295 0.2375
2 0.453125 0.347917 0.0539773 0.0541667
2 0.494318 0.522917 0.107955 0.1625
2 0.204545 0.5625 0.147727 0.158333
