2 0.660511 0.489583 0.0767045 0.120833
2 0.454545 0.41875 0.0795455 0.104167
2 0.674716 0.595833 0.110795 0.225
2 0.571023 0.43125 0.0681818 0.0958333
2 0.37358 0.422917 0.0823864 0.0958333
2 0.602273 0.339583 0.0397727 0.0541667
2 0.170455 0.616667 0.170455 0.183333
7 0.519886 0.33125 0.0738636 0.1125
2 0.622159 0.29375 0.0397727 0.0458333
2 0.583807 0.36875 0.0539773 0.0708333
2 0.401989 0.527083 0.09375 0.1375
2 0.521307 0.514583 0.0994318 0.145833
2 0.0696023 0.5875 0.139205 0.2
2 0.286932 0.625 0.176136 0.241667
2 0.291193 0.483333 0.116477 0.116667
2 0.478693 0.677083 0.150568 0.245833
