2 0.590909 0.358333 0.0511364 0.075
2 0.612216 0.322917 0.03125 0.0458333
2 0.0710227 0.785417 0.136364 0.270833
2 0.247159 0.891667 0.289773 0.2
2 0.663352 0.316667 0.0426136 0.0583333
2 0.5625 0.397917 0.0625 0.0708333
2 0.65625 0.460417 0.0738636 0.120833
2 0.505682 0.379167 0.0625 0.0666667
2 0.555398 0.475 0.0823864 0.133333
2 0.886364 0.939583 0.227273 0.120833
2 0.37358 0.416667 0.0823864 0.108333
2 0.696023 0.670833 0.130682 0.25
2 0.444602 0.35 0.0596591 0.0666667
2 0.446023 0.454167 0.0909091 0.108333
2 0.296875 0.654167 0.184659 0.208333
2 0.509943 0.616667 0.105114 0.2
5 0.384943 0.302083 0.178977 0.145833
2 0.660511 0.379167 0.0482955 0.0666667
2 0.247159 0.53125 0.136364 0.129167
