2 0.392045 0.404167 0.0625 0.075
2 0.710227 0.279167 0.0284091 0.0333333
2 0.65483 0.4 0.0596591 0.0833333
2 0.829545 0.666667 0.147727 0.225
2 0.443182 0.354167 0.0625 0.0583333
2 0.514205 0.483333 0.0909091 0.116667
2 0.450284 0.43125 0.0823864 0.1125
2 0.559659 0.395833 0.0625 0.0916667
2 0.651989 0.527083 0.0880682 0.1375
2 0.767045 0.489583 0.0965909 0.179167
2 0.211648 0.5625 0.15625 0.166667
2 0.369318 0.541667 0.136364 0.183333
2 0.326705 0.45 0.113636 0.133333
2 0.512784 0.58125 0.122159 0.195833
