2 0.792614 0.452083 0.0625 0.0791667
2 0.680398 0.320833 0.0482955 0.05
2 0.738636 0.329167 0.0397727 0.0666667
2 0.660511 0.345833 0.0482955 0.0583333
2 0.880682 0.397917 0.0397727 0.0708333
2 0.620739 0.395833 0.0596591 0.108333
7 0.802557 0.3 0.0596591 0.125
2 0.796875 0.395833 0.0539773 0.0583333
2 0.701705 0.410417 0.0625 0.0958333
2 0.328125 0.527083 0.15625 0.170833
2 0.78267 0.554167 0.09375 0.15
2 0.71875 0.364583 0.0511364 0.0708333
2 0.59233 0.689583 0.150568 0.2375
2 0.660511 0.489583 0.110795 0.179167
7 0.492898 0.483333 0.201705 0.3
