2 0.502841 0.304167 0.0397727 0.0416667
2 0.731534 0.327083 0.0426136 0.0458333
2 0.359375 0.864583 0.21875 0.254167
2 0.590909 0.2875 0.0397727 0.0416667
2 0.497159 0.614583 0.130682 0.2125
2 0.315341 0.352083 0.0625 0.0458333
2 0.291193 0.414583 0.110795 0.104167
2 0.838068 0.577083 0.113636 0.154167
2 0.651989 0.402083 0.0596591 0.0791667
2 0.514205 0.345833 0.0511364 0.0583333
2 0.4375 0.43125 0.0909091 0.104167
2 0.558239 0.416667 0.0653409 0.0833333
2 0.607955 0.320833 0.0454545 0.0583333
