7 0.872159 0.31875 0.0738636 0.104167
2 0.730114 0.366667 0.0568182 0.0666667
2 0.488636 0.422917 0.0625 0.1125
2 0.555398 0.370833 0.0710227 0.075
7 0.821023 0.389583 0.0965909 0.1875
2 0.43608 0.3625 0.0710227 0.0583333
2 0.619318 0.320833 0.0397727 0.05
2 0.589489 0.339583 0.0482955 0.0541667
2 0.667614 0.477083 0.0909091 0.129167
2 0.377841 0.489583 0.176136 0.220833
2 0.646307 0.370833 0.0596591 0.0666667
2 0.710227 0.404167 0.0568182 0.075
2 0.433239 0.575 0.150568 0.191667
2 0.625 0.620833 0.130682 0.183333
2 0.544034 0.477083 0.110795 0.154167
2 0.598011 0.416667 0.0653409 0.0833333
