2 0.629261 0.308333 0.0426136 0.0416667
2 0.805398 0.308333 0.03125 0.0416667
2 0.528409 0.308333 0.0454545 0.0416667
2 0.809659 0.477083 0.0852273 0.1125
2 0.859375 0.31875 0.0369318 0.0458333
2 0.455966 0.441667 0.0994318 0.0833333
2 0.666193 0.333333 0.0426136 0.05
2 0.505682 0.804167 0.244318 0.366667
2 0.169034 0.658333 0.224432 0.191667
2 0.660511 0.529167 0.0994318 0.141667
2 0.776989 0.752083 0.15625 0.304167
2 0.582386 0.34375 0.0568182 0.0625
2 0.625 0.375 0.0681818 0.075
7 0.72017 0.370833 0.0823864 0.158333
