2 0.474432 0.427083 0.0909091 0.1125
2 0.538352 0.302083 0.0539773 0.0541667
2 0.4375 0.36875 0.0795455 0.0708333
7 0.822443 0.389583 0.09375 0.1875
2 0.575284 0.360417 0.0653409 0.0625
2 0.946023 0.5625 0.107955 0.191667
2 0.671875 0.31875 0.0539773 0.0708333
2 0.713068 0.458333 0.0738636 0.108333
2 0.578125 0.460417 0.0994318 0.1125
2 0.731534 0.391667 0.0596591 0.075
2 0.710227 0.347917 0.0454545 0.0541667
2 0.622159 0.389583 0.0625 0.0708333
2 0.612216 0.322917 0.0482955 0.0541667
2 0.680398 0.597917 0.105114 0.2125
2 0.488636 0.591667 0.136364 0.175
2 0.34517 0.51875 0.133523 0.145833
