2 0.552557 0.3125 0.03125 0.05
2 0.356534 0.339583 0.0596591 0.0541667
2 0.450284 0.3375 0.0539773 0.0583333
2 0.647727 0.4625 0.0852273 0.133333
2 0.602273 0.310417 0.0397727 0.0375
2 0.100852 0.66875 0.201705 0.279167
2 0.367898 0.841667 0.241477 0.316667
2 0.349432 0.433333 0.0795455 0.1
2 0.542614 0.427083 0.0738636 0.0958333
2 0.430398 0.43125 0.105114 0.154167
2 0.625 0.708333 0.142045 0.3
2 0.862216 0.691667 0.15625 0.2
2 0.872159 0.875 0.255682 0.25
2 0.659091 0.360417 0.0511364 0.0625
2 0.590909 0.354167 0.0454545 0.0583333
2 0.103693 0.85625 0.207386 0.2875
2 0.522727 0.354167 0.0511364 0.0583333
