2 0.869318 0.30625 0.0454545 0.0458333
2 0.633523 0.304167 0.0397727 0.05
2 0.620739 0.385417 0.0426136 0.0708333
2 0.521307 0.3875 0.0880682 0.1
5 0.491477 0.316667 0.0795455 0.1
2 0.882102 0.408333 0.0426136 0.1
2 0.879261 0.364583 0.0596591 0.0708333
2 0.580966 0.4375 0.0880682 0.108333
2 0.302557 0.5625 0.167614 0.208333
2 0.590909 0.339583 0.0568182 0.0625
7 0.694602 0.4125 0.110795 0.233333
2 0.460227 0.447917 0.102273 0.120833
2 0.62358 0.547917 0.139205 0.220833
2 0.491477 0.533333 0.142045 0.183333
