2 0.916193 0.477083 0.0767045 0.1125
2 0.947443 0.5625 0.105114 0.2
7 0.730114 0.333333 0.0625 0.1
5 0.491477 0.316667 0.0795455 0.1
2 0.882102 0.40625 0.0426136 0.0875
2 0.673295 0.333333 0.0397727 0.05
7 0.602273 0.383333 0.0965909 0.133333
2 0.511364 0.408333 0.0738636 0.1
2 0.552557 0.4875 0.09375 0.116667
2 0.428977 0.4625 0.119318 0.125
2 0.450284 0.579167 0.161932 0.191667
2 0.703125 0.395833 0.0596591 0.0583333
2 0.794034 0.552083 0.0994318 0.1625
2 0.600852 0.639583 0.161932 0.2625
2 0.674716 0.48125 0.105114 0.1375
2 0.330966 0.5625 0.150568 0.141667
5 0.284091 0.44375 0.340909 0.304167
