7 0.860795 0.291667 0.0568182 0.116667
2 0.661932 0.283333 0.0340909 0.0333333
5 0.161932 0.60625 0.323864 0.470833
2 0.742898 0.304167 0.0369318 0.0416667
7 0.815341 0.375 0.0852273 0.166667
7 0.53125 0.295833 0.0738636 0.0833333
2 0.552557 0.458333 0.0994318 0.116667
7 0.900568 0.695833 0.193182 0.508333
2 0.649148 0.477083 0.105114 0.1625
7 0.355114 0.379167 0.164773 0.191667
2 0.495739 0.4125 0.0880682 0.108333
2 0.711648 0.36875 0.0539773 0.0625
2 0.572443 0.354167 0.0653409 0.0583333
2 0.629261 0.372917 0.0596591 0.0625
2 0.683239 0.316667 0.0426136 0.0416667
2 0.49858 0.847917 0.241477 0.304167
2 0.409091 0.614583 0.176136 0.245833
