2 0.549716 0.314583 0.0426136 0.0458333
2 0.346591 0.908333 0.198864 0.183333
2 0.663352 0.379167 0.0539773 0.0583333
2 0.713068 0.283333 0.0284091 0.0416667
2 0.505682 0.297917 0.0397727 0.0375
2 0.617898 0.295833 0.0369318 0.0416667
2 0.46733 0.425 0.0767045 0.0916667
2 0.421875 0.504167 0.09375 0.133333
2 0.580966 0.402083 0.0596591 0.0708333
2 0.553977 0.472917 0.0738636 0.1375
2 0.605114 0.327083 0.0340909 0.0458333
2 0.348011 0.4125 0.116477 0.158333
2 0.666193 0.516667 0.0823864 0.15
2 0.434659 0.3625 0.0568182 0.0583333
2 0.508523 0.383333 0.0568182 0.0666667
2 0.59233 0.347917 0.0426136 0.0458333
2 0.497159 0.547917 0.125 0.179167
2 0.102273 0.889583 0.198864 0.220833
2 0.228693 0.535417 0.144886 0.154167
2 0.332386 0.583333 0.147727 0.183333
