2 0.947443 0.564583 0.105114 0.195833
2 0.713068 0.427083 0.0625 0.0791667
2 0.666193 0.316667 0.0539773 0.0666667
2 0.646307 0.352083 0.0653409 0.0875
7 0.822443 0.389583 0.09375 0.1875
2 0.434659 0.36875 0.0738636 0.0708333
2 0.707386 0.508333 0.0852273 0.141667
2 0.605114 0.416667 0.0681818 0.0833333
7 0.863636 0.316667 0.0625 0.108333
2 0.703125 0.308333 0.03125 0.0416667
2 0.551136 0.379167 0.0681818 0.0666667
2 0.678977 0.627083 0.113636 0.220833
2 0.585227 0.34375 0.0568182 0.0541667
2 0.46733 0.435417 0.0994318 0.1125
2 0.471591 0.610417 0.147727 0.195833
2 0.556818 0.4875 0.113636 0.133333
2 0.34517 0.51875 0.133523 0.145833
