2 0.752841 0.354167 0.0511364 0.0666667
2 0.669034 0.314583 0.0539773 0.0625
2 0.551136 0.379167 0.0681818 0.0666667
7 0.822443 0.389583 0.09375 0.1875
7 0.87642 0.31875 0.0767045 0.104167
2 0.713068 0.429167 0.0625 0.0833333
2 0.434659 0.36875 0.0738636 0.0708333
2 0.707386 0.5125 0.0852273 0.141667
2 0.605114 0.41875 0.0681818 0.0791667
2 0.646307 0.352083 0.0653409 0.0875
2 0.703125 0.30625 0.03125 0.0458333
2 0.678977 0.627083 0.113636 0.220833
2 0.471591 0.6125 0.147727 0.2
2 0.46733 0.4375 0.0994318 0.116667
2 0.556818 0.4875 0.113636 0.133333
2 0.586648 0.34375 0.0539773 0.0541667
2 0.346591 0.520833 0.136364 0.15
