7 0.396307 0.304167 0.116477 0.0666667
2 0.613636 0.939583 0.159091 0.120833
2 0.524148 0.341667 0.0596591 0.075
2 0.65483 0.304167 0.0426136 0.0583333
2 0.600852 0.347917 0.0426136 0.0541667
2 0.492898 0.39375 0.0767045 0.0958333
2 0.538352 0.464583 0.0823864 0.129167
2 0.548295 0.308333 0.0511364 0.0666667
2 0.477273 0.327083 0.0511364 0.0541667
2 0.465909 0.652083 0.130682 0.2125
2 0.676136 0.416667 0.0681818 0.1
2 0.579545 0.385417 0.0568182 0.0708333
2 0.676136 0.345833 0.0454545 0.05
2 0.707386 0.6 0.107955 0.183333
7 0.232955 0.61875 0.460227 0.579167
