2 0.661932 0.339583 0.0397727 0.0541667
2 0.485795 0.38125 0.0852273 0.104167
7 0.485795 0.383333 0.0852273 0.108333
2 0.761364 0.441667 0.0625 0.0916667
2 0.643466 0.51875 0.0994318 0.1625
2 0.40483 0.452083 0.0823864 0.104167
2 0.65625 0.375 0.0454545 0.05
2 0.588068 0.35625 0.0454545 0.0541667
2 0.357955 0.402083 0.113636 0.1375
2 0.573864 0.408333 0.0681818 0.0833333
5 0.149148 0.397917 0.298295 0.154167
2 0.740057 0.395833 0.0596591 0.0583333
2 0.525568 0.5125 0.102273 0.15
2 0.458807 0.677083 0.15625 0.2125
2 0.788352 0.527083 0.09375 0.154167
2 0.792614 0.722917 0.176136 0.2625
2 0.365057 0.55 0.133523 0.175
7 0.117898 0.6125 0.230114 0.425
