2 0.0752841 0.704167 0.139205 0.266667
2 0.357955 0.339583 0.0625 0.0541667
2 0.518466 0.352083 0.0539773 0.0541667
2 0.644886 0.452083 0.0852273 0.1375
2 0.59375 0.360417 0.0511364 0.0791667
2 0.521307 0.49375 0.0823864 0.0958333
2 0.491477 0.391667 0.0681818 0.075
2 0.37358 0.408333 0.0880682 0.108333
2 0.681818 0.402083 0.0454545 0.0708333
2 0.667614 0.341667 0.0454545 0.0583333
2 0.306818 0.479167 0.0965909 0.116667
2 0.414773 0.3625 0.0511364 0.0583333
2 0.43608 0.452083 0.0880682 0.104167
2 0.670455 0.60625 0.107955 0.1875
2 0.556818 0.410417 0.0681818 0.0958333
2 0.480114 0.610417 0.142045 0.220833
2 0.201705 0.570833 0.147727 0.15
2 0.340909 0.564583 0.142045 0.170833
