2 0.602273 0.322917 0.0397727 0.0625
2 0.575284 0.385417 0.0596591 0.0791667
7 0.09375 0.529167 0.164773 0.2
2 0.471591 0.339583 0.0397727 0.0458333
2 0.497159 0.3875 0.0681818 0.075
2 0.541193 0.333333 0.0426136 0.05
2 0.548295 0.4625 0.0795455 0.108333
2 0.734375 0.514583 0.0994318 0.1375
2 0.744318 0.379167 0.0568182 0.0666667
2 0.37358 0.429167 0.0823864 0.1
2 0.589489 0.347917 0.0426136 0.0541667
2 0.646307 0.60625 0.105114 0.170833
2 0.661932 0.352083 0.0454545 0.0541667
2 0.502841 0.5375 0.113636 0.15
2 0.430398 0.379167 0.0653409 0.0583333
2 0.444602 0.464583 0.09375 0.1125
2 0.271307 0.508333 0.127841 0.158333
2 0.65483 0.40625 0.0596591 0.0708333
2 0.130682 0.61875 0.181818 0.195833
2 0.356534 0.558333 0.144886 0.183333
