2 0.579545 0.402083 0.0625 0.0791667
2 0.542614 0.322917 0.0397727 0.0541667
2 0.585227 0.358333 0.0454545 0.05
2 0.47017 0.425 0.0653409 0.0833333
2 0.528409 0.347917 0.0397727 0.0458333
2 0.669034 0.345833 0.0539773 0.05
2 0.34233 0.4125 0.116477 0.158333
2 0.602273 0.335417 0.0340909 0.0541667
2 0.454545 0.339583 0.0511364 0.0541667
2 0.555398 0.472917 0.0710227 0.129167
2 0.505682 0.385417 0.0568182 0.0625
2 0.420455 0.5 0.0909091 0.125
2 0.420455 0.38125 0.0511364 0.0625
2 0.667614 0.522917 0.0852273 0.1625
2 0.332386 0.583333 0.147727 0.183333
2 0.228693 0.535417 0.144886 0.154167
2 0.497159 0.552083 0.125 0.1875
