2 0.859375 0.310417 0.0369318 0.0458333
2 0.710227 0.285417 0.0340909 0.0375
2 0.629261 0.391667 0.0596591 0.0833333
2 0.754261 0.30625 0.0369318 0.0375
2 0.803977 0.50625 0.0852273 0.1375
2 0.521307 0.39375 0.0767045 0.0791667
2 0.65483 0.35 0.0482955 0.0583333
2 0.927557 0.48125 0.09375 0.1375
2 0.485795 0.3375 0.0625 0.05
2 0.75 0.672917 0.136364 0.2625
2 0.460227 0.458333 0.102273 0.1
2 0.676136 0.433333 0.0681818 0.0833333
2 0.568182 0.441667 0.0909091 0.125
2 0.606534 0.327083 0.0482955 0.0458333
2 0.644886 0.510417 0.0965909 0.129167
2 0.522727 0.308333 0.0511364 0.05
2 0.725852 0.375 0.0596591 0.0916667
2 0.569602 0.35 0.0482955 0.05
2 0.900568 0.422917 0.0625 0.0791667
2 0.328125 0.55625 0.161932 0.154167
2 0.568182 0.66875 0.159091 0.220833
2 0.494318 0.55 0.125 0.141667
