5 0.397727 0.316667 0.142045 0.125
2 0.492898 0.3125 0.0482955 0.0416667
2 0.65767 0.354167 0.0482955 0.0583333
2 0.788352 0.522917 0.09375 0.1375
2 0.446023 0.43125 0.102273 0.1375
2 0.53267 0.335417 0.0426136 0.0541667
2 0.644886 0.577083 0.102273 0.179167
2 0.653409 0.4125 0.0625 0.0833333
2 0.715909 0.31875 0.0454545 0.0541667
2 0.252841 0.710417 0.181818 0.220833
2 0.541193 0.46875 0.09375 0.1375
2 0.515625 0.36875 0.0539773 0.0708333
2 0.882102 0.814583 0.190341 0.329167
2 0.430398 0.73125 0.190341 0.279167
2 0.318182 0.44375 0.107955 0.129167
2 0.161932 0.625 0.164773 0.166667
