2 0.589489 0.364583 0.0482955 0.0708333
7 0.413352 0.479167 0.110795 0.133333
2 0.828125 0.6625 0.139205 0.216667
2 0.542614 0.34375 0.0340909 0.0541667
2 0.0610795 0.73125 0.122159 0.2875
2 0.670455 0.491667 0.0909091 0.133333
2 0.660511 0.397917 0.0482955 0.0458333
2 0.542614 0.4875 0.0738636 0.141667
2 0.471591 0.60625 0.147727 0.204167
2 0.785511 0.5125 0.09375 0.133333
2 0.340909 0.458333 0.0909091 0.1
2 0.568182 0.41875 0.0625 0.0875
2 0.660511 0.354167 0.0482955 0.05
2 0.738636 0.375 0.0625 0.0666667
2 0.205966 0.5625 0.15625 0.158333
2 0.285511 0.620833 0.161932 0.191667
2 0.678977 0.660417 0.119318 0.220833
