2 0.494318 0.310417 0.0397727 0.0375
2 0.602273 0.358333 0.0284091 0.0666667
2 0.545455 0.320833 0.0397727 0.05
2 0.410511 0.379167 0.0539773 0.0666667
2 0.428977 0.464583 0.102273 0.1375
2 0.647727 0.552083 0.0965909 0.1875
2 0.56108 0.441667 0.0767045 0.133333
2 0.53125 0.527083 0.102273 0.170833
2 0.666193 0.3625 0.0482955 0.0583333
2 0.659091 0.41875 0.0625 0.0708333
2 0.511364 0.366667 0.0397727 0.075
2 0.232955 0.579167 0.113636 0.158333
2 0.325284 0.46875 0.105114 0.1125
2 0.446023 0.677083 0.159091 0.254167
2 0.183239 0.504167 0.133523 0.116667
2 0.325284 0.627083 0.161932 0.1875
