2 0.644886 0.402083 0.0568182 0.0625
2 0.589489 0.358333 0.0596591 0.0666667
2 0.759943 0.404167 0.0653409 0.0833333
2 0.518466 0.502083 0.0994318 0.129167
2 0.555398 0.425 0.0653409 0.0833333
2 0.643466 0.477083 0.0823864 0.1375
2 0.663352 0.36875 0.0426136 0.0708333
2 0.409091 0.372917 0.0625 0.0791667
2 0.518466 0.358333 0.0482955 0.0583333
2 0.495739 0.395833 0.0539773 0.075
2 0.444602 0.441667 0.0880682 0.125
2 0.849432 0.883333 0.301136 0.233333
2 0.617898 0.622917 0.110795 0.1875
2 0.455966 0.639583 0.144886 0.204167
2 0.377841 0.514583 0.119318 0.154167
2 0.207386 0.710417 0.238636 0.2875
7 0.223011 0.49375 0.321023 0.370833
