2 0.663352 0.360417 0.0482955 0.0791667
2 0.166193 0.8375 0.303977 0.325
2 0.663352 0.429167 0.0653409 0.075
2 0.0639205 0.725 0.127841 0.225
2 0.602273 0.320833 0.0397727 0.05
2 0.536932 0.347917 0.0340909 0.0625
2 0.710227 0.60625 0.147727 0.279167
2 0.565341 0.425 0.0681818 0.0833333
7 0.417614 0.34375 0.147727 0.1625
7 0.465909 0.370833 0.113636 0.175
2 0.240057 0.408333 0.0994318 0.0916667
2 0.518466 0.51875 0.09375 0.129167
2 0.392045 0.495833 0.125 0.15
2 0.24858 0.520833 0.127841 0.133333
2 0.588068 0.360417 0.0511364 0.0625
