2 0.528409 0.772917 0.198864 0.3125
7 0.53267 0.29375 0.0710227 0.0791667
7 0.860795 0.29375 0.0568182 0.120833
2 0.691761 0.30625 0.0426136 0.0458333
2 0.596591 0.327083 0.0568182 0.0708333
2 0.806818 0.302083 0.0340909 0.0375
2 0.93608 0.5 0.0994318 0.166667
2 0.633523 0.30625 0.0340909 0.0458333
7 0.914773 0.789583 0.164773 0.4125
2 0.768466 0.491667 0.0823864 0.125
2 0.801136 0.402083 0.0568182 0.0791667
7 0.356534 0.595833 0.417614 0.516667
2 0.68608 0.385417 0.0596591 0.0791667
2 0.632102 0.547917 0.122159 0.154167
2 0.65625 0.347917 0.0511364 0.0541667
