2 0.0752841 0.704167 0.150568 0.291667
2 0.521307 0.352083 0.0426136 0.0541667
2 0.644886 0.452083 0.0852273 0.145833
2 0.519886 0.495833 0.0852273 0.1
2 0.681818 0.402083 0.0454545 0.0708333
2 0.667614 0.341667 0.0454545 0.0583333
2 0.356534 0.3375 0.0653409 0.0583333
2 0.850852 0.635417 0.161932 0.270833
2 0.490057 0.389583 0.0653409 0.0708333
2 0.413352 0.364583 0.0539773 0.0625
2 0.370739 0.410417 0.0880682 0.1125
2 0.306818 0.479167 0.0965909 0.116667
2 0.431818 0.458333 0.0909091 0.108333
2 0.59375 0.3625 0.0511364 0.075
2 0.670455 0.60625 0.107955 0.1875
2 0.478693 0.608333 0.139205 0.225
2 0.558239 0.410417 0.0710227 0.0958333
2 0.203125 0.56875 0.144886 0.154167
2 0.339489 0.564583 0.139205 0.170833
