7 0.0923295 0.522917 0.167614 0.2125
2 0.495739 0.3875 0.0710227 0.075
2 0.553977 0.460417 0.0681818 0.104167
2 0.747159 0.45 0.0681818 0.0916667
2 0.37642 0.429167 0.0823864 0.1
2 0.590909 0.35 0.0454545 0.0583333
2 0.502841 0.533333 0.113636 0.158333
2 0.575284 0.385417 0.0539773 0.0708333
2 0.639205 0.522917 0.0852273 0.145833
2 0.431818 0.379167 0.0681818 0.0583333
2 0.272727 0.508333 0.125 0.158333
2 0.444602 0.464583 0.09375 0.1125
2 0.132102 0.616667 0.184659 0.191667
2 0.356534 0.55625 0.144886 0.179167
