2 0.553977 0.302083 0.0397727 0.0375
2 0.660511 0.295833 0.03125 0.0416667
2 0.609375 0.314583 0.0369318 0.0458333
2 0.40625 0.389583 0.0795455 0.0875
2 0.666193 0.341667 0.0426136 0.0416667
2 0.551136 0.460417 0.0852273 0.104167
5 0.100852 0.522917 0.201705 0.2875
2 0.572443 0.379167 0.0539773 0.0666667
2 0.59375 0.345833 0.0340909 0.05
2 0.651989 0.414583 0.0596591 0.0708333
2 0.471591 0.61875 0.136364 0.1875
2 0.370739 0.535417 0.122159 0.145833
2 0.866477 0.795833 0.181818 0.308333
2 0.215909 0.8375 0.414773 0.3
2 0.275568 0.51875 0.130682 0.129167
