2 0.558239 0.285417 0.0482955 0.0625
2 0.731534 0.285417 0.0539773 0.0375
2 0.590909 0.34375 0.0625 0.0625
2 0.632102 0.3125 0.0426136 0.05
2 0.421875 0.595833 0.190341 0.241667
2 0.77983 0.466667 0.0767045 0.1
2 0.535511 0.491667 0.0880682 0.116667
2 0.896307 0.408333 0.0596591 0.075
2 0.596591 0.414583 0.0852273 0.0958333
2 0.72017 0.364583 0.0482955 0.0625
2 0.663352 0.4625 0.0823864 0.133333
2 0.528409 0.3875 0.0625 0.075
2 0.473011 0.4375 0.0880682 0.0916667
2 0.795455 0.377083 0.0568182 0.0791667
2 0.791193 0.579167 0.105114 0.175
2 0.617898 0.58125 0.122159 0.170833
2 0.646307 0.364583 0.0539773 0.0625
2 0.37642 0.516667 0.139205 0.15
