2 0.917614 0.475 0.0795455 0.116667
2 0.947443 0.558333 0.105114 0.2
2 0.5625 0.358333 0.0738636 0.0833333
2 0.883523 0.404167 0.0454545 0.0833333
2 0.877841 0.364583 0.0568182 0.0625
2 0.602273 0.414583 0.0738636 0.104167
2 0.691761 0.302083 0.0369318 0.0458333
7 0.740057 0.297917 0.0653409 0.120833
2 0.643466 0.360417 0.0482955 0.0708333
2 0.632102 0.302083 0.0426136 0.0458333
2 0.478693 0.427083 0.09375 0.104167
2 0.806818 0.572917 0.125 0.220833
2 0.68892 0.4125 0.0823864 0.133333
2 0.514205 0.508333 0.125 0.158333
