7 0.0482955 0.675 0.0909091 0.491667
2 0.536932 0.322917 0.0454545 0.0625
2 0.586648 0.372917 0.0482955 0.0791667
2 0.674716 0.34375 0.0426136 0.0541667
2 0.646307 0.483333 0.0823864 0.141667
2 0.494318 0.39375 0.0625 0.0791667
2 0.517045 0.358333 0.0511364 0.0583333
2 0.758523 0.402083 0.0625 0.0875
2 0.446023 0.347917 0.0568182 0.0541667
2 0.322443 0.441667 0.105114 0.125
2 0.549716 0.43125 0.0767045 0.104167
2 0.502841 0.533333 0.107955 0.141667
2 0.433239 0.45 0.0994318 0.125
2 0.660511 0.3875 0.0539773 0.0833333
2 0.295455 0.610417 0.164773 0.195833
