2 0.758523 0.404167 0.0625 0.0833333
2 0.521307 0.341667 0.0482955 0.0666667
7 0.568182 0.379167 0.0795455 0.125
2 0.666193 0.339583 0.0426136 0.0541667
2 0.674716 0.422917 0.0710227 0.104167
2 0.411932 0.4875 0.0852273 0.15
2 0.816761 0.497917 0.122159 0.1875
2 0.316761 0.577083 0.173295 0.2125
2 0.497159 0.377083 0.0454545 0.0541667
2 0.471591 0.429167 0.0625 0.0916667
2 0.536932 0.466667 0.0909091 0.125
2 0.788352 0.65 0.133523 0.25
2 0.629261 0.597917 0.09375 0.170833
7 0.377841 0.4 0.107955 0.15
2 0.129261 0.608333 0.196023 0.2
2 0.696023 0.375 0.0511364 0.0666667
2 0.490057 0.583333 0.122159 0.166667
2 0.0909091 0.55 0.164773 0.175
