2 0.846591 0.289583 0.0340909 0.0291667
2 0.52983 0.308333 0.0482955 0.0416667
2 0.963068 0.883333 0.0681818 0.233333
2 0.772727 0.502083 0.0852273 0.129167
2 0.728693 0.341667 0.0482955 0.0583333
2 0.639205 0.304167 0.0397727 0.0416667
2 0.6875 0.302083 0.0397727 0.0458333
2 0.0866477 0.783333 0.173295 0.341667
2 0.56392 0.352083 0.0539773 0.0541667
2 0.860795 0.320833 0.0397727 0.0416667
2 0.859375 0.4 0.0653409 0.075
2 0.696023 0.404167 0.0625 0.075
2 0.629261 0.539583 0.105114 0.145833
2 0.481534 0.525 0.150568 0.191667
2 0.637784 0.3625 0.0653409 0.075
2 0.34375 0.552083 0.147727 0.145833
2 0.329545 0.80625 0.357955 0.3875
