2 0.786932 0.29375 0.0340909 0.0458333
2 0.639205 0.302083 0.0397727 0.0375
2 0.803977 0.347917 0.0397727 0.0458333
2 0.859375 0.316667 0.0369318 0.0416667
7 0.524148 0.770833 0.292614 0.416667
2 0.87642 0.839583 0.241477 0.320833
2 0.585227 0.420833 0.0795455 0.1
2 0.71733 0.341667 0.0426136 0.05
2 0.690341 0.420833 0.0681818 0.0833333
2 0.660511 0.327083 0.0482955 0.0541667
2 0.786932 0.397917 0.0625 0.0791667
2 0.823864 0.564583 0.0965909 0.154167
2 0.12358 0.735417 0.247159 0.270833
5 0.377841 0.41875 0.323864 0.254167
2 0.335227 0.689583 0.210227 0.245833
