2 0.556818 0.285417 0.0511364 0.0625
2 0.674716 0.464583 0.0767045 0.1375
2 0.778409 0.470833 0.0738636 0.125
2 0.72017 0.345833 0.0482955 0.05
2 0.526989 0.397917 0.0767045 0.0791667
2 0.866477 0.55625 0.130682 0.220833
2 0.821023 0.404167 0.0568182 0.0916667
2 0.582386 0.422917 0.0852273 0.1125
2 0.894886 0.408333 0.0625 0.075
2 0.708807 0.404167 0.0596591 0.075
2 0.269886 0.583333 0.181818 0.183333
2 0.636364 0.375 0.0511364 0.0666667
2 0.413352 0.472917 0.122159 0.129167
2 0.607955 0.577083 0.147727 0.229167
2 0.487216 0.54375 0.127841 0.1375
