7 0.0383523 0.55625 0.0767045 0.1625
2 0.605114 0.341667 0.0397727 0.0583333
2 0.5 0.308333 0.0397727 0.0416667
2 0.578125 0.385417 0.0596591 0.0791667
2 0.541193 0.495833 0.0994318 0.158333
2 0.519886 0.3625 0.0511364 0.0583333
2 0.455966 0.34375 0.0539773 0.0625
2 0.667614 0.4625 0.0681818 0.1
2 0.671875 0.7375 0.161932 0.333333
2 0.170455 0.720833 0.261364 0.258333
2 0.346591 0.435417 0.0965909 0.1125
2 0.653409 0.3625 0.0568182 0.0833333
2 0.465909 0.414583 0.0795455 0.1125
2 0.426136 0.804167 0.204545 0.325
2 0.112216 0.63125 0.224432 0.2625
2 0.372159 0.533333 0.125 0.158333
