2 0.600852 0.408333 0.0823864 0.0916667
2 0.590909 0.345833 0.0625 0.0666667
2 0.77983 0.464583 0.0767045 0.104167
2 0.894886 0.408333 0.0625 0.075
2 0.556818 0.285417 0.0511364 0.0625
2 0.538352 0.491667 0.0880682 0.116667
2 0.526989 0.3875 0.0653409 0.075
2 0.663352 0.4625 0.0823864 0.125
2 0.421875 0.595833 0.190341 0.241667
2 0.473011 0.4375 0.0880682 0.0916667
2 0.791193 0.577083 0.110795 0.179167
2 0.617898 0.58125 0.122159 0.170833
2 0.647727 0.364583 0.0568182 0.0625
2 0.375 0.516667 0.136364 0.15
