2 0.856534 0.310417 0.0369318 0.0458333
2 0.0752841 0.675 0.144886 0.258333
2 0.642045 0.302083 0.0397727 0.0458333
2 0.704545 0.295833 0.0340909 0.0333333
2 0.799716 0.325 0.0369318 0.0416667
2 0.606534 0.329167 0.0482955 0.05
2 0.487216 0.3375 0.0596591 0.05
2 0.684659 0.322917 0.0397727 0.0458333
2 0.502841 0.40625 0.0852273 0.0958333
2 0.65483 0.479167 0.0880682 0.125
2 0.715909 0.4 0.0681818 0.0916667
2 0.759943 0.304167 0.0255682 0.0333333
2 0.802557 0.479167 0.0767045 0.116667
2 0.639205 0.360417 0.0625 0.0708333
2 0.805398 0.4 0.0653409 0.075
2 0.927557 0.483333 0.09375 0.141667
2 0.536932 0.470833 0.107955 0.133333
2 0.794034 0.677083 0.127841 0.229167
2 0.56392 0.35625 0.0596591 0.0541667
2 0.901989 0.425 0.0596591 0.075
2 0.176136 0.845833 0.340909 0.308333
2 0.566761 0.6875 0.15625 0.225
2 0.235795 0.65625 0.204545 0.179167
