2 0.558239 0.285417 0.0482955 0.0625
2 0.629261 0.316667 0.0426136 0.05
2 0.590909 0.341667 0.0625 0.0583333
2 0.65767 0.304167 0.0369318 0.0416667
2 0.59517 0.41875 0.0823864 0.0958333
2 0.77983 0.466667 0.0767045 0.108333
2 0.795455 0.39375 0.0625 0.0875
2 0.894886 0.40625 0.0625 0.0791667
2 0.536932 0.491667 0.0852273 0.116667
2 0.421875 0.595833 0.190341 0.241667
2 0.705966 0.410417 0.0539773 0.0791667
2 0.526989 0.385417 0.0653409 0.0708333
2 0.663352 0.464583 0.0823864 0.129167
2 0.473011 0.4375 0.0880682 0.0916667
2 0.791193 0.579167 0.105114 0.175
2 0.646307 0.364583 0.0539773 0.0625
2 0.617898 0.583333 0.122159 0.166667
2 0.377841 0.516667 0.142045 0.15
