2 0.5625 0.4 0.0795455 0.0583333
2 0.31108 0.404167 0.0426136 0.0666667
2 0.299716 0.320833 0.03125 0.0333333
2 0.349432 0.425 0.0625 0.0833333
2 0.200284 0.441667 0.0482955 0.075
2 0.642045 0.391667 0.0738636 0.0583333
2 0.423295 0.31875 0.0397727 0.0375
2 0.174716 0.408333 0.0426136 0.05
2 0.426136 0.422917 0.0852273 0.0875
2 0.47017 0.358333 0.0426136 0.0416667
2 0.262784 0.341667 0.03125 0.0333333
2 0.40483 0.477083 0.0880682 0.120833
2 0.328125 0.345833 0.0426136 0.0416667
2 0.535511 0.414583 0.0880682 0.0791667
2 0.49858 0.347917 0.0482955 0.0375
2 0.774148 0.4875 0.133523 0.1
2 0.309659 0.527083 0.0909091 0.145833
2 0.634943 0.46875 0.116477 0.1125
2 0.535511 0.485417 0.110795 0.1125
2 0.433239 0.372917 0.0539773 0.0541667
