2 0.34517 0.3625 0.0369318 0.0416667
2 0.401989 0.389583 0.0539773 0.0625
2 0.286932 0.44375 0.0738636 0.0708333
2 0.642045 0.397917 0.0852273 0.0625
2 0.308239 0.510417 0.0823864 0.129167
7 0.53125 0.339583 0.0852273 0.0875
2 0.465909 0.39375 0.0625 0.0541667
2 0.174716 0.4375 0.0596591 0.0833333
2 0.370739 0.43125 0.0823864 0.120833
2 0.768466 0.489583 0.127841 0.104167
2 0.495739 0.460417 0.09375 0.1125
2 0.551136 0.391667 0.0681818 0.0583333
2 0.340909 0.635417 0.107955 0.1625
2 0.494318 0.552083 0.125 0.170833
2 0.803977 0.445833 0.136364 0.116667
2 0.633523 0.46875 0.113636 0.129167
2 0.934659 0.554167 0.130682 0.15
2 0.167614 0.8125 0.323864 0.358333
2 0.71733 0.610417 0.167614 0.154167
