2 0.457386 0.385417 0.0511364 0.0458333
2 0.49858 0.345833 0.0482955 0.0333333
2 0.517045 0.414583 0.0795455 0.0708333
2 0.200284 0.439583 0.0482955 0.0791667
2 0.431818 0.370833 0.0397727 0.05
2 0.644886 0.395833 0.0681818 0.0583333
2 0.647727 0.435417 0.0909091 0.0875
2 0.399148 0.395833 0.0653409 0.0583333
2 0.384943 0.502083 0.0880682 0.1125
2 0.440341 0.4375 0.0568182 0.0666667
2 0.329545 0.9375 0.414773 0.116667
2 0.596591 0.45 0.102273 0.1
2 0.350852 0.435417 0.0653409 0.0708333
2 0.519886 0.470833 0.107955 0.125
2 0.795455 0.489583 0.136364 0.104167
2 0.31392 0.404167 0.0482955 0.0583333
