2 0.646307 0.43125 0.0994318 0.0875
2 0.803977 0.44375 0.130682 0.104167
2 0.37358 0.391667 0.03125 0.0666667
2 0.25 0.43125 0.0511364 0.0708333
2 0.305398 0.525 0.0710227 0.0916667
2 0.795455 0.483333 0.119318 0.108333
2 0.28125 0.470833 0.0568182 0.075
2 0.177557 0.439583 0.0596591 0.0875
7 0.443182 0.402083 0.125 0.154167
2 0.40483 0.520833 0.0994318 0.158333
7 0.534091 0.35 0.0909091 0.116667
2 0.559659 0.402083 0.0681818 0.0625
2 0.274148 0.895833 0.502841 0.2
2 0.325284 0.425 0.0596591 0.0666667
2 0.53125 0.489583 0.107955 0.1125
2 0.632102 0.477083 0.110795 0.0958333
