2 0.535511 0.375 0.0653409 0.0416667
2 0.40483 0.360417 0.0426136 0.0458333
2 0.271307 0.48125 0.0767045 0.0875
2 0.305398 0.377083 0.0426136 0.0458333
2 0.34375 0.527083 0.0738636 0.120833
2 0.801136 0.447917 0.136364 0.120833
2 0.634943 0.422917 0.09375 0.0958333
2 0.303977 0.614583 0.0909091 0.154167
2 0.262784 0.41875 0.0596591 0.0625
2 0.177557 0.439583 0.0596591 0.0875
7 0.535511 0.345833 0.09375 0.1
2 0.384943 0.39375 0.0596591 0.0541667
2 0.551136 0.46875 0.136364 0.154167
2 0.34517 0.416667 0.0653409 0.0666667
2 0.457386 0.395833 0.0568182 0.0666667
2 0.453125 0.516667 0.0994318 0.116667
2 0.291193 0.795833 0.150568 0.266667
2 0.909091 0.53125 0.181818 0.145833
2 0.741477 0.472917 0.125 0.1125
