2 0.384943 0.3125 0.0539773 0.0583333
7 0.34375 0.24375 0.0568182 0.0708333
2 0.43892 0.3125 0.0596591 0.0666667
2 0.257102 0.277083 0.0369318 0.0458333
2 0.346591 0.35 0.0852273 0.141667
2 0.431818 0.360417 0.0738636 0.0875
2 0.286932 0.310417 0.0340909 0.0541667
7 0.176136 0.345833 0.0568182 0.0833333
2 0.511364 0.404167 0.0965909 0.108333
7 0.169034 0.2875 0.0539773 0.0666667
2 0.393466 0.43125 0.09375 0.104167
7 0.696023 0.352083 0.210227 0.179167
7 0.526989 0.325 0.127841 0.15
2 0.808239 0.3875 0.0653409 0.075
