2 0.170455 0.358333 0.0511364 0.0666667
7 0.170455 0.360417 0.0511364 0.0791667
2 0.173295 0.310417 0.0340909 0.0458333
2 0.518466 0.34375 0.0823864 0.0875
2 0.40483 0.341667 0.0539773 0.0583333
2 0.639205 0.33125 0.0795455 0.0625
2 0.536932 0.429167 0.107955 0.125
2 0.461648 0.379167 0.0767045 0.0916667
2 0.261364 0.310417 0.0397727 0.0458333
2 0.809659 0.383333 0.142045 0.116667
2 0.869318 0.820833 0.261364 0.35
2 0.359375 0.377083 0.0653409 0.0708333
2 0.600852 0.397917 0.116477 0.104167
2 0.420455 0.44375 0.0965909 0.104167
2 0.346591 0.3 0.0454545 0.0416667
2 0.715909 0.402083 0.113636 0.104167
