2 0.464489 0.377083 0.0823864 0.0875
7 0.420455 0.304167 0.0568182 0.0666667
2 0.541193 0.422917 0.0880682 0.0875
2 0.649148 0.441667 0.0823864 0.0833333
2 0.393466 0.347917 0.0539773 0.0541667
2 0.316761 0.345833 0.0426136 0.0416667
2 0.173295 0.425 0.0454545 0.0583333
2 0.572443 0.372917 0.0596591 0.0541667
2 0.416193 0.4125 0.0482955 0.0583333
2 0.640625 0.391667 0.0653409 0.0583333
2 0.18892 0.4 0.0369318 0.05
2 0.28267 0.360417 0.0369318 0.0458333
2 0.360795 0.425 0.0625 0.075
2 0.458807 0.445833 0.0880682 0.0833333
2 0.552557 0.497917 0.116477 0.120833
2 0.413352 0.510417 0.0994318 0.129167
2 0.34375 0.710417 0.119318 0.229167
5 0.839489 0.566667 0.321023 0.341667
2 0.316761 0.3875 0.0482955 0.05
2 0.602273 0.664583 0.1875 0.1875
2 0.882102 0.9125 0.235795 0.175
