2 0.572443 0.335417 0.0653409 0.0708333
2 0.509943 0.310417 0.0482955 0.0375
2 0.434659 0.302083 0.0511364 0.0541667
2 0.632102 0.352083 0.0823864 0.0791667
2 0.363636 0.304167 0.0511364 0.0583333
2 0.444602 0.366667 0.0767045 0.1
2 0.339489 0.91875 0.480114 0.1625
5 0.291193 0.389583 0.144886 0.2125
2 0.390625 0.404167 0.0710227 0.0833333
2 0.517045 0.422917 0.102273 0.104167
2 0.72017 0.395833 0.116477 0.108333
2 0.471591 0.495833 0.119318 0.125
2 0.519886 0.352083 0.0852273 0.0875
2 0.627841 0.40625 0.113636 0.0958333
2 0.40767 0.333333 0.0482955 0.0583333
