2 0.542614 0.3875 0.0681818 0.0583333
5 0.228693 0.347917 0.0596591 0.104167
2 0.27983 0.50625 0.0710227 0.104167
2 0.247159 0.86875 0.232955 0.2625
2 0.921875 0.508333 0.127841 0.1
2 0.294034 0.675 0.110795 0.158333
2 0.271307 0.4375 0.0596591 0.0666667
2 0.953125 0.889583 0.09375 0.220833
2 0.465909 0.4 0.0625 0.0583333
2 0.950284 0.5625 0.0994318 0.15
5 0.34517 0.389583 0.178977 0.154167
7 0.535511 0.345833 0.0880682 0.108333
2 0.335227 0.56875 0.0852273 0.129167
2 0.176136 0.439583 0.0568182 0.0875
2 0.600852 0.433333 0.110795 0.075
2 0.714489 0.464583 0.116477 0.104167
2 0.803977 0.447917 0.130682 0.1125
