2 0.480114 0.379167 0.0795455 0.075
2 0.524148 0.372917 0.0539773 0.0458333
2 0.413352 0.39375 0.0596591 0.0541667
2 0.582386 0.379167 0.0511364 0.0416667
2 0.379261 0.383333 0.0426136 0.05
2 0.178977 0.452083 0.0568182 0.0625
2 0.819602 0.445833 0.105114 0.108333
2 0.541193 0.49375 0.110795 0.0958333
2 0.171875 0.383333 0.0369318 0.0416667
5 0.298295 0.452083 0.136364 0.229167
2 0.411932 0.466667 0.102273 0.141667
2 0.735795 0.452083 0.153409 0.145833
2 0.46875 0.4375 0.0681818 0.075
2 0.642045 0.475 0.142045 0.141667
