2 0.0596591 0.341667 0.0340909 0.0333333
2 0.389205 0.29375 0.0568182 0.0458333
2 0.0568182 0.38125 0.0454545 0.0541667
2 0.536932 0.339583 0.0738636 0.0625
2 0.610795 0.366667 0.0852273 0.075
5 0.143466 0.329167 0.09375 0.108333
2 0.484375 0.325 0.0539773 0.05
2 0.0553977 0.45 0.0767045 0.125
2 0.0639205 0.54375 0.0880682 0.1375
2 0.1875 0.51875 0.0852273 0.145833
2 0.207386 0.302083 0.0397727 0.0375
2 0.323864 0.322917 0.0511364 0.0458333
2 0.572443 0.4 0.0994318 0.0833333
2 0.427557 0.379167 0.0823864 0.0916667
2 0.433239 0.44375 0.105114 0.0958333
2 0.258523 0.404167 0.0681818 0.075
2 0.318182 0.477083 0.113636 0.129167
2 0.681818 0.45625 0.159091 0.1125
2 0.294034 0.358333 0.0596591 0.0583333
2 0.778409 0.68125 0.261364 0.2125
2 0.681818 0.829167 0.329545 0.333333
