2 0.762784 0.477083 0.0994318 0.0958333
2 0.643466 0.395833 0.0653409 0.0583333
2 0.379261 0.375 0.0653409 0.0666667
2 0.173295 0.416667 0.0454545 0.05
2 0.958807 0.575 0.0823864 0.116667
2 0.518466 0.377083 0.0653409 0.0625
2 0.556818 0.433333 0.0795455 0.0916667
2 0.822443 0.464583 0.105114 0.0875
2 0.322443 0.46875 0.0596591 0.0708333
2 0.291193 0.370833 0.0369318 0.0416667
2 0.43608 0.372917 0.0482955 0.0541667
2 0.34517 0.525 0.0823864 0.125
2 0.481534 0.395833 0.0653409 0.0666667
2 0.346591 0.41875 0.0568182 0.0541667
2 0.308239 0.852083 0.230114 0.295833
2 0.31392 0.391667 0.0426136 0.05
2 0.460227 0.435417 0.0795455 0.0875
2 0.319602 0.647917 0.105114 0.1875
2 0.605114 0.416667 0.0568182 0.0666667
2 0.828125 0.547917 0.178977 0.154167
2 0.625 0.51875 0.136364 0.145833
2 0.705966 0.754167 0.247159 0.241667
