2 0.494318 0.275 0.0511364 0.05
2 0.170455 0.316667 0.0397727 0.05
2 0.848011 0.372917 0.105114 0.0958333
2 0.609375 0.341667 0.0994318 0.0916667
2 0.708807 0.358333 0.0823864 0.075
2 0.56108 0.3 0.0426136 0.0333333
2 0.457386 0.297917 0.0454545 0.0541667
2 0.393466 0.285417 0.0482955 0.0458333
2 0.440341 0.447917 0.0738636 0.104167
2 0.359375 0.310417 0.0539773 0.0541667
2 0.539773 0.383333 0.0909091 0.0916667
2 0.53267 0.314583 0.0596591 0.0541667
2 0.316761 0.283333 0.0426136 0.0416667
2 0.789773 0.420833 0.130682 0.116667
2 0.93608 0.477083 0.127841 0.145833
2 0.683239 0.535417 0.178977 0.145833
5 0.208807 0.66875 0.417614 0.645833
