2 0.565341 0.402083 0.0795455 0.0625
2 0.31108 0.40625 0.0369318 0.0625
2 0.433239 0.422917 0.0823864 0.0875
2 0.272727 0.35625 0.0397727 0.0458333
2 0.173295 0.404167 0.0397727 0.05
2 0.353693 0.429167 0.0653409 0.0833333
2 0.541193 0.427083 0.09375 0.0958333
2 0.200284 0.441667 0.0482955 0.075
2 0.642045 0.391667 0.0681818 0.05
2 0.346591 0.358333 0.0511364 0.05
2 0.487216 0.366667 0.0539773 0.0416667
2 0.315341 0.541667 0.0965909 0.15
2 0.819602 0.502083 0.127841 0.104167
2 0.426136 0.495833 0.0965909 0.125
2 0.909091 0.485417 0.0568182 0.0458333
2 0.731534 0.514583 0.150568 0.129167
2 0.609375 0.535417 0.144886 0.145833
2 0.457386 0.38125 0.0625 0.0541667
