2 0.491477 0.295833 0.0568182 0.05
2 0.399148 0.33125 0.0539773 0.0625
2 0.365057 0.3125 0.0369318 0.0416667
2 0.431818 0.3 0.0511364 0.05
2 0.379261 0.385417 0.0482955 0.0708333
2 0.565341 0.327083 0.0681818 0.0625
2 0.450284 0.360417 0.0710227 0.0708333
2 0.522727 0.420833 0.107955 0.1
2 0.796875 0.3875 0.105114 0.0833333
2 0.521307 0.347917 0.0823864 0.0791667
2 0.448864 0.439583 0.102273 0.104167
2 0.610795 0.402083 0.107955 0.0958333
5 0.301136 0.397917 0.170455 0.2375
2 0.72017 0.4 0.116477 0.0916667
