2 0.644886 0.397917 0.0738636 0.0791667
2 0.197443 0.441667 0.0539773 0.075
2 0.174716 0.404167 0.0426136 0.05
2 0.430398 0.36875 0.0426136 0.0458333
2 0.399148 0.395833 0.0653409 0.0583333
2 0.647727 0.433333 0.0909091 0.0833333
2 0.386364 0.5 0.0852273 0.108333
2 0.590909 0.447917 0.113636 0.104167
2 0.494318 0.339583 0.0511364 0.0458333
2 0.441761 0.439583 0.0596591 0.0625
2 0.519886 0.472917 0.107955 0.120833
2 0.315341 0.404167 0.0511364 0.0583333
2 0.795455 0.4875 0.136364 0.1
2 0.352273 0.435417 0.0625 0.0708333
2 0.379261 0.916667 0.451705 0.158333
