2 0.732955 0.4625 0.0965909 0.108333
7 0.556818 0.347917 0.119318 0.104167
7 0.235795 0.366667 0.0795455 0.133333
7 0.355114 0.339583 0.0738636 0.0958333
2 0.335227 0.416667 0.0454545 0.0583333
2 0.296875 0.377083 0.0482955 0.0625
2 0.450284 0.383333 0.0482955 0.05
2 0.815341 0.4625 0.119318 0.0916667
2 0.521307 0.489583 0.105114 0.104167
7 0.52983 0.395833 0.0994318 0.125
2 0.643466 0.460417 0.139205 0.145833
2 0.18608 0.395833 0.0369318 0.05
2 0.174716 0.427083 0.0482955 0.0625
2 0.322443 0.395833 0.0426136 0.0583333
2 0.417614 0.5125 0.119318 0.158333
2 0.400568 0.39375 0.0681818 0.0708333
2 0.353693 0.464583 0.0653409 0.0958333
