2 0.704545 0.35 0.0852273 0.0666667
2 0.166193 0.297917 0.03125 0.0375
2 0.382102 0.316667 0.0426136 0.05
2 0.333807 0.352083 0.0426136 0.0708333
2 0.490057 0.333333 0.0539773 0.05
2 0.377841 0.379167 0.0625 0.075
2 0.440341 0.30625 0.0568182 0.0541667
2 0.417614 0.341667 0.0625 0.0666667
2 0.548295 0.364583 0.0852273 0.0875
2 0.463068 0.377083 0.0738636 0.0875
2 0.65483 0.36875 0.0994318 0.0791667
2 0.761364 0.41875 0.119318 0.0958333
2 0.62642 0.41875 0.116477 0.0958333
5 0.262784 0.341667 0.110795 0.175
2 0.379261 0.45625 0.105114 0.145833
2 0.53267 0.4375 0.110795 0.108333
2 0.481534 0.85 0.508523 0.283333
