2 0.167614 0.379167 0.0511364 0.05
2 0.585227 0.308333 0.0738636 0.0666667
2 0.363636 0.266667 0.0454545 0.05
2 0.701705 0.354167 0.0681818 0.0583333
2 0.776989 0.38125 0.0994318 0.0791667
2 0.916193 0.745833 0.167614 0.258333
2 0.484375 0.389583 0.105114 0.120833
2 0.502841 0.3375 0.0738636 0.0833333
2 0.87642 0.425 0.127841 0.1
2 0.661932 0.372917 0.0965909 0.0875
2 0.586648 0.391667 0.105114 0.0916667
5 0.3125 0.40625 0.159091 0.2125
2 0.401989 0.325 0.0596591 0.075
2 0.34233 0.295833 0.0426136 0.0416667
2 0.764205 0.777083 0.306818 0.354167
