2 0.612216 0.345833 0.0880682 0.075
5 0.25 0.320833 0.0965909 0.15
2 0.167614 0.297917 0.0340909 0.0458333
2 0.390625 0.322917 0.0426136 0.0458333
2 0.548295 0.316667 0.0568182 0.05
2 0.515625 0.339583 0.0653409 0.0458333
2 0.416193 0.302083 0.0369318 0.0458333
2 0.580966 0.38125 0.0994318 0.0958333
2 0.480114 0.302083 0.0454545 0.0375
2 0.705966 0.352083 0.09375 0.0708333
2 0.31392 0.497917 0.0880682 0.120833
2 0.360795 0.304167 0.0397727 0.05
2 0.367898 0.383333 0.0767045 0.108333
2 0.306818 0.314583 0.0397727 0.0541667
2 0.423295 0.360417 0.0738636 0.0875
2 0.286932 0.41875 0.0681818 0.0958333
2 0.321023 0.629167 0.119318 0.216667
2 0.461648 0.325 0.0653409 0.0583333
2 0.419034 0.4375 0.09375 0.133333
2 0.328125 0.35 0.0426136 0.0583333
2 0.53267 0.40625 0.0994318 0.120833
2 0.757102 0.410417 0.122159 0.0958333
