2 0.170455 0.38125 0.0568182 0.0541667
2 0.383523 0.285417 0.0397727 0.0375
2 0.221591 0.35625 0.0738636 0.0875
2 0.603693 0.329167 0.0369318 0.0416667
2 0.78125 0.379167 0.0909091 0.075
2 0.916193 0.477083 0.167614 0.104167
2 0.43892 0.28125 0.0482955 0.0458333
7 0.538352 0.295833 0.105114 0.116667
2 0.259943 0.28125 0.03125 0.0375
2 0.379261 0.4 0.0823864 0.0833333
2 0.636364 0.3625 0.0909091 0.0833333
2 0.77983 0.427083 0.127841 0.104167
2 0.328125 0.304167 0.0426136 0.0416667
2 0.49858 0.414583 0.09375 0.0958333
2 0.380682 0.320833 0.0511364 0.0583333
2 0.920455 0.58125 0.159091 0.179167
2 0.869318 0.883333 0.261364 0.233333
2 0.294034 0.33125 0.0596591 0.0625
2 0.488636 0.547917 0.142045 0.154167
2 0.791193 0.625 0.269886 0.216667
