7 0.21875 0.329167 0.0511364 0.0833333
2 0.173295 0.3625 0.0340909 0.05
2 0.822443 0.4625 0.0994318 0.0833333
2 0.176136 0.429167 0.0511364 0.075
2 0.278409 0.3625 0.0340909 0.05
2 0.301136 0.38125 0.0397727 0.0541667
2 0.752841 0.472917 0.153409 0.129167
2 0.302557 0.495833 0.0823864 0.125
2 0.340909 0.41875 0.0681818 0.0791667
2 0.401989 0.4875 0.09375 0.1
2 0.34517 0.622917 0.0994318 0.1625
2 0.698864 0.5125 0.142045 0.116667
2 0.896307 0.627083 0.207386 0.1875
2 0.87358 0.879167 0.252841 0.241667
7 0.47017 0.414583 0.224432 0.2375
