2 0.177557 0.38125 0.0369318 0.0375
2 0.221591 0.30625 0.0397727 0.0458333
2 0.644886 0.327083 0.0681818 0.0541667
2 0.399148 0.535417 0.0994318 0.154167
2 0.450284 0.35 0.09375 0.108333
2 0.598011 0.34375 0.0880682 0.0875
2 0.954545 0.491667 0.0909091 0.158333
2 0.730114 0.404167 0.113636 0.0916667
2 0.24858 0.354167 0.0539773 0.0666667
2 0.285511 0.3 0.0426136 0.05
2 0.369318 0.310417 0.0568182 0.0625
2 0.321023 0.339583 0.0511364 0.0625
2 0.509943 0.3125 0.0653409 0.05
2 0.823864 0.50625 0.181818 0.145833
2 0.458807 0.439583 0.110795 0.129167
2 0.784091 0.597917 0.210227 0.2125
2 0.225852 0.772917 0.292614 0.404167
