2 0.28267 0.358333 0.0426136 0.0583333
2 0.465909 0.391667 0.0511364 0.0583333
2 0.276989 0.464583 0.0653409 0.0791667
2 0.349432 0.364583 0.0511364 0.0541667
2 0.174716 0.427083 0.0482955 0.0625
2 0.485795 0.464583 0.0738636 0.0875
2 0.31392 0.404167 0.0539773 0.075
2 0.81392 0.45625 0.122159 0.0708333
2 0.18892 0.395833 0.03125 0.05
7 0.674716 0.53125 0.303977 0.304167
2 0.366477 0.435417 0.0681818 0.0875
2 0.426136 0.360417 0.0568182 0.0458333
2 0.933239 0.858333 0.133523 0.2
2 0.880682 0.58125 0.238636 0.229167
2 0.428977 0.410417 0.0681818 0.0625
2 0.434659 0.495833 0.0965909 0.125
2 0.903409 0.954167 0.1875 0.0916667
2 0.549716 0.622917 0.144886 0.1625
