2 0.174716 0.40625 0.0426136 0.0541667
2 0.200284 0.4375 0.0482955 0.075
2 0.40483 0.4 0.0653409 0.0666667
2 0.328125 0.34375 0.0426136 0.0375
2 0.367898 0.433333 0.0653409 0.075
2 0.637784 0.39375 0.0596591 0.0458333
2 0.545455 0.425 0.0965909 0.1
2 0.629261 0.79375 0.269886 0.2875
2 0.68608 0.445833 0.105114 0.0833333
2 0.495739 0.34375 0.0539773 0.0458333
2 0.522727 0.479167 0.0965909 0.116667
2 0.322443 0.383333 0.0482955 0.0583333
2 0.828125 0.566667 0.190341 0.166667
2 0.434659 0.345833 0.0511364 0.0416667
2 0.450284 0.529167 0.105114 0.116667
2 0.867898 0.5125 0.15625 0.108333
2 0.491477 0.3875 0.0397727 0.05
