2 0.329545 0.3625 0.0340909 0.0416667
2 0.451705 0.35625 0.0340909 0.0458333
5 0.534091 0.364583 0.142045 0.120833
2 0.365057 0.447917 0.0767045 0.0875
2 0.802557 0.4375 0.133523 0.0916667
2 0.617898 0.5625 0.139205 0.1
2 0.6875 0.447917 0.113636 0.104167
2 0.180398 0.45 0.0539773 0.0666667
2 0.565341 0.452083 0.113636 0.0791667
2 0.305398 0.3875 0.0482955 0.05
2 0.171875 0.385417 0.0369318 0.0458333
2 0.848011 0.516667 0.15625 0.125
2 0.765625 0.547917 0.178977 0.1625
2 0.680398 0.7125 0.258523 0.225
