2 0.0653409 0.541667 0.0852273 0.133333
2 0.196023 0.289583 0.0340909 0.0375
2 0.1875 0.464583 0.0738636 0.104167
2 0.0553977 0.38125 0.0482955 0.0541667
2 0.15625 0.308333 0.0340909 0.0333333
5 0.927557 0.447917 0.144886 0.2375
2 0.0568182 0.447917 0.0681818 0.104167
2 0.954545 0.86875 0.0909091 0.254167
2 0.178977 0.56875 0.107955 0.1625
2 0.393466 0.375 0.0767045 0.0666667
2 0.482955 0.327083 0.0511364 0.0458333
2 0.536932 0.339583 0.0681818 0.0541667
2 0.34517 0.408333 0.0880682 0.1
2 0.430398 0.35 0.0653409 0.0583333
2 0.375 0.514583 0.113636 0.129167
2 0.616477 0.410417 0.113636 0.1125
2 0.705966 0.53125 0.190341 0.145833
