2 0.495739 0.345833 0.0482955 0.0416667
2 0.642045 0.4 0.0795455 0.075
2 0.174716 0.402083 0.0369318 0.0458333
2 0.50142 0.402083 0.0426136 0.0375
2 0.34375 0.354167 0.0397727 0.0416667
2 0.535511 0.38125 0.0710227 0.0708333
2 0.646307 0.433333 0.09375 0.0833333
2 0.458807 0.383333 0.0539773 0.05
2 0.588068 0.445833 0.107955 0.1
2 0.384943 0.5 0.0880682 0.108333
2 0.518466 0.470833 0.110795 0.125
2 0.315341 0.402083 0.0511364 0.0625
2 0.795455 0.4875 0.136364 0.1
2 0.350852 0.433333 0.0653409 0.0666667
2 0.619318 0.89375 0.4375 0.2125
