2 0.526989 0.389583 0.0653409 0.0541667
2 0.651989 0.397917 0.0596591 0.0625
2 0.444602 0.354167 0.0426136 0.0416667
2 0.177557 0.439583 0.0596591 0.0875
2 0.609375 0.4125 0.09375 0.075
2 0.319602 0.379167 0.0426136 0.05
2 0.232955 0.370833 0.0340909 0.0416667
7 0.535511 0.345833 0.09375 0.108333
2 0.414773 0.4125 0.0568182 0.0583333
2 0.338068 0.422917 0.0625 0.0708333
2 0.801136 0.4375 0.136364 0.0916667
2 0.514205 0.420833 0.0795455 0.075
2 0.410511 0.370833 0.0539773 0.05
2 0.325284 0.872917 0.28125 0.254167
2 0.711648 0.464583 0.116477 0.0958333
2 0.369318 0.677083 0.125 0.204167
2 0.255682 0.402083 0.0454545 0.0541667
2 0.482955 0.370833 0.0568182 0.0416667
2 0.509943 0.589583 0.144886 0.179167
2 0.740057 0.614583 0.196023 0.179167
2 0.84517 0.520833 0.150568 0.116667
