2 0.705966 0.410417 0.0767045 0.0791667
2 0.572443 0.372917 0.0653409 0.0541667
7 0.353693 0.347917 0.0767045 0.0875
2 0.340909 0.410417 0.0511364 0.0541667
2 0.424716 0.358333 0.0539773 0.0583333
2 0.295455 0.44375 0.0625 0.0708333
2 0.524148 0.479167 0.110795 0.1
2 0.18608 0.395833 0.0369318 0.05
2 0.174716 0.427083 0.0482955 0.0625
2 0.816761 0.4625 0.110795 0.0916667
2 0.734375 0.464583 0.09375 0.0875
2 0.542614 0.420833 0.0909091 0.0916667
2 0.362216 0.445833 0.0596591 0.075
2 0.305398 0.516667 0.0880682 0.133333
2 0.242898 0.389583 0.0482955 0.0708333
2 0.634943 0.472917 0.116477 0.1125
2 0.454545 0.427083 0.0738636 0.0875
2 0.491477 0.547917 0.142045 0.170833
2 0.397727 0.491667 0.0738636 0.116667
2 0.3125 0.391667 0.0454545 0.05
