2 0.487216 0.364583 0.0482955 0.0458333
2 0.619318 0.402083 0.0795455 0.0708333
2 0.265625 0.43125 0.0539773 0.0625
2 0.539773 0.41875 0.0795455 0.0791667
2 0.798295 0.45 0.136364 0.116667
2 0.173295 0.385417 0.0340909 0.0458333
2 0.482955 0.441667 0.0795455 0.125
2 0.244318 0.4 0.0397727 0.0583333
2 0.416193 0.4125 0.0596591 0.0583333
2 0.294034 0.495833 0.0823864 0.116667
2 0.40483 0.483333 0.0880682 0.116667
2 0.31392 0.397917 0.0539773 0.0625
2 0.178977 0.45 0.0511364 0.0583333
2 0.366477 0.433333 0.0681818 0.0833333
2 0.735795 0.475 0.113636 0.1
2 0.5625 0.502083 0.125 0.129167
2 0.647727 0.48125 0.125 0.120833
