2 0.502841 0.310417 0.0454545 0.0375
7 0.447443 0.277083 0.0710227 0.0708333
2 0.586648 0.30625 0.0653409 0.0541667
2 0.390625 0.402083 0.0767045 0.104167
2 0.441761 0.36875 0.0767045 0.0875
2 0.633523 0.352083 0.0795455 0.0791667
2 0.505682 0.35 0.0738636 0.0833333
2 0.72017 0.397917 0.116477 0.1125
2 0.517045 0.420833 0.102273 0.1
2 0.62642 0.40625 0.110795 0.0958333
2 0.363636 0.3 0.0454545 0.0583333
2 0.471591 0.49375 0.119318 0.129167
5 0.291193 0.385417 0.144886 0.220833
2 0.40625 0.333333 0.0511364 0.0583333
