5 0.322443 0.40625 0.110795 0.179167
2 0.481534 0.360417 0.0426136 0.0458333
2 0.734375 0.464583 0.122159 0.104167
2 0.644886 0.397917 0.0738636 0.0708333
2 0.387784 0.39375 0.0369318 0.0541667
2 0.427557 0.375 0.0426136 0.0416667
2 0.174716 0.439583 0.0596591 0.0875
2 0.571023 0.402083 0.0625 0.0458333
2 0.799716 0.441667 0.139205 0.108333
2 0.424716 0.510417 0.0994318 0.104167
2 0.617898 0.470833 0.110795 0.108333
2 0.450284 0.429167 0.0653409 0.0833333
7 0.535511 0.339583 0.09375 0.0958333
2 0.522727 0.477083 0.107955 0.120833
