2 0.444602 0.354167 0.0710227 0.0583333
2 0.0553977 0.45 0.0710227 0.108333
2 0.947443 0.704167 0.105114 0.2
2 0.247159 0.33125 0.0454545 0.0458333
2 0.0625 0.558333 0.0909091 0.125
2 0.392045 0.322917 0.0625 0.0541667
2 0.0553977 0.377083 0.0426136 0.0541667
2 0.325284 0.335417 0.0539773 0.0541667
2 0.808239 0.475 0.167614 0.116667
2 0.303977 0.364583 0.0625 0.0708333
2 0.519886 0.391667 0.0965909 0.0833333
2 0.173295 0.3375 0.0397727 0.0416667
2 0.21733 0.38125 0.0596591 0.0625
2 0.43608 0.404167 0.0880682 0.0916667
2 0.613636 0.535417 0.1875 0.145833
