2 0.356534 0.379167 0.0369318 0.05
2 0.309659 0.522917 0.0795455 0.104167
2 0.646307 0.427083 0.110795 0.0958333
7 0.430398 0.389583 0.116477 0.1375
2 0.301136 0.379167 0.0397727 0.05
2 0.802557 0.44375 0.133523 0.104167
2 0.558239 0.402083 0.0653409 0.0625
2 0.176136 0.435417 0.0568182 0.0791667
7 0.534091 0.347917 0.0965909 0.1125
2 0.276989 0.458333 0.0596591 0.075
2 0.318182 0.414583 0.0511364 0.0541667
2 0.40625 0.51875 0.0965909 0.154167
2 0.241477 0.4 0.0454545 0.0583333
2 0.791193 0.485417 0.133523 0.120833
2 0.53267 0.49375 0.105114 0.120833
2 0.629261 0.477083 0.110795 0.0958333
