2 0.401989 0.583333 0.0880682 0.166667
7 0.93608 0.575 0.110795 0.241667
2 0.276989 0.325 0.03125 0.0333333
2 0.428977 0.33125 0.0340909 0.0375
2 0.392045 0.35 0.0568182 0.0583333
7 0.569602 0.33125 0.150568 0.1375
2 0.569602 0.425 0.0767045 0.0833333
2 0.284091 0.366667 0.0397727 0.05
2 0.509943 0.379167 0.0596591 0.0583333
2 0.384943 0.416667 0.0539773 0.075
2 0.755682 0.45 0.136364 0.1
2 0.877841 0.6375 0.244318 0.258333
2 0.463068 0.347917 0.0454545 0.0458333
2 0.639205 0.55 0.147727 0.158333
