2 0.309659 0.339583 0.0340909 0.0375
2 0.504261 0.375 0.0426136 0.0416667
2 0.485795 0.35 0.0511364 0.05
2 0.59517 0.429167 0.0426136 0.0583333
2 0.894886 0.447917 0.107955 0.0875
2 0.433239 0.483333 0.0823864 0.1
2 0.661932 0.48125 0.107955 0.104167
2 0.296875 0.370833 0.0369318 0.05
2 0.40625 0.429167 0.0511364 0.0666667
2 0.362216 0.358333 0.0369318 0.0416667
2 0.3125 0.4375 0.0625 0.075
2 0.535511 0.45 0.110795 0.133333
2 0.460227 0.39375 0.0511364 0.0541667
2 0.318182 0.391667 0.0511364 0.0666667
2 0.857955 0.86875 0.284091 0.2625
2 0.559659 0.764583 0.329545 0.195833
