2 0.393466 0.34375 0.0369318 0.0458333
2 0.453125 0.3125 0.0369318 0.0333333
2 0.426136 0.372917 0.0511364 0.0625
2 0.528409 0.385417 0.0681818 0.0708333
2 0.526989 0.333333 0.0426136 0.0416667
2 0.294034 0.408333 0.0482955 0.0416667
2 0.410511 0.470833 0.0823864 0.125
2 0.303977 0.45625 0.0625 0.0875
2 0.386364 0.416667 0.0568182 0.0833333
2 0.465909 0.416667 0.0681818 0.0833333
2 0.741477 0.439583 0.107955 0.0708333
2 0.846591 0.43125 0.125 0.0875
2 0.521307 0.46875 0.09375 0.1125
2 0.642045 0.470833 0.102273 0.116667
