2 0.390625 0.295833 0.03125 0.0333333
2 0.492898 0.372917 0.0426136 0.0458333
2 0.40625 0.320833 0.0340909 0.0416667
2 0.852273 0.429167 0.119318 0.0833333
2 0.471591 0.425 0.0681818 0.0833333
2 0.357955 0.383333 0.0397727 0.05
2 0.302557 0.45625 0.0653409 0.0875
2 0.508523 0.320833 0.0397727 0.0416667
2 0.294034 0.408333 0.0482955 0.0416667
2 0.346591 0.347917 0.0397727 0.0541667
2 0.794034 0.454167 0.127841 0.075
2 0.534091 0.4 0.0738636 0.075
2 0.443182 0.39375 0.0511364 0.0708333
2 0.552557 0.360417 0.0596591 0.0458333
2 0.615057 0.460417 0.0994318 0.0958333
2 0.372159 0.416667 0.0511364 0.0833333
2 0.421875 0.475 0.0880682 0.133333
2 0.53125 0.483333 0.102273 0.125
2 0.410511 0.36875 0.0426136 0.0541667
