2 0.713068 0.414583 0.0909091 0.0708333
2 0.357955 0.3125 0.0340909 0.0333333
2 0.53125 0.347917 0.0511364 0.0375
2 0.519886 0.9625 0.454545 0.0666667
2 0.230114 0.514583 0.0795455 0.0875
2 0.419034 0.34375 0.0539773 0.0458333
2 0.197443 0.347917 0.03125 0.0291667
2 0.583807 0.404167 0.0880682 0.0666667
2 0.379261 0.322917 0.0369318 0.0291667
2 0.198864 0.38125 0.0397727 0.0458333
2 0.359375 0.566667 0.09375 0.133333
2 0.828125 0.858333 0.184659 0.275
2 0.884943 0.522917 0.190341 0.120833
2 0.734375 0.672917 0.292614 0.195833
