2 0.740057 0.39375 0.105114 0.0708333
2 0.397727 0.360417 0.0340909 0.0458333
2 0.278409 0.329167 0.0284091 0.0333333
2 0.487216 0.3625 0.0539773 0.0583333
2 0.809659 0.4625 0.125 0.1
2 0.461648 0.414583 0.0710227 0.0958333
2 0.617898 0.452083 0.110795 0.104167
2 0.400568 0.460417 0.0738636 0.0958333
2 0.53267 0.395833 0.0653409 0.0666667
2 0.535511 0.483333 0.0994318 0.116667
2 0.421875 0.379167 0.0426136 0.05
2 0.284091 0.366667 0.0397727 0.05
2 0.309659 0.914583 0.335227 0.170833
7 0.599432 0.347917 0.164773 0.129167
2 0.369318 0.40625 0.0568182 0.0625
