2 0.484375 0.372917 0.0482955 0.0458333
2 0.534091 0.397917 0.0738636 0.0791667
2 0.40483 0.320833 0.0369318 0.0333333
2 0.410511 0.366667 0.0426136 0.05
2 0.302557 0.45625 0.0653409 0.0875
2 0.471591 0.425 0.0681818 0.0833333
2 0.357955 0.385417 0.0397727 0.0458333
2 0.346591 0.347917 0.0397727 0.0541667
2 0.372159 0.416667 0.0511364 0.0833333
2 0.846591 0.43125 0.125 0.0875
2 0.294034 0.408333 0.0482955 0.0416667
2 0.440341 0.391667 0.0454545 0.0666667
2 0.612216 0.458333 0.09375 0.0916667
2 0.421875 0.475 0.0880682 0.125
2 0.53125 0.485417 0.102273 0.120833
