7 0.446023 0.316667 0.0738636 0.0833333
7 0.673295 0.354167 0.0795455 0.0833333
2 0.325284 0.497917 0.0823864 0.1125
2 0.521307 0.3875 0.0539773 0.0666667
2 0.488636 0.435417 0.0795455 0.0791667
2 0.409091 0.354167 0.0397727 0.0416667
2 0.34517 0.3625 0.0369318 0.05
2 0.4375 0.502083 0.0909091 0.104167
2 0.360795 0.391667 0.0454545 0.0583333
2 0.81392 0.420833 0.0994318 0.0583333
2 0.534091 0.5 0.0965909 0.116667
2 0.606534 0.425 0.122159 0.15
2 0.384943 0.414583 0.0653409 0.0708333
2 0.433239 0.389583 0.0539773 0.0625
