2 0.715909 0.420833 0.0852273 0.0583333
2 0.394886 0.333333 0.0397727 0.0416667
2 0.815341 0.464583 0.119318 0.0708333
2 0.52983 0.347917 0.0482955 0.0375
2 0.340909 0.46875 0.0795455 0.0958333
2 0.224432 0.472917 0.0738636 0.1375
2 0.197443 0.383333 0.0426136 0.05
2 0.301136 0.422917 0.0568182 0.0791667
2 0.666193 0.46875 0.0994318 0.0875
2 0.542614 0.4625 0.0965909 0.1
2 0.410511 0.4375 0.0767045 0.0833333
2 0.28267 0.39375 0.0482955 0.0541667
2 0.339489 0.372917 0.0426136 0.0541667
2 0.426136 0.38125 0.0568182 0.0625
2 0.37358 0.4 0.0539773 0.0666667
