2 0.742898 0.395833 0.0823864 0.0666667
2 0.677557 0.370833 0.0596591 0.0416667
5 0.586648 0.404167 0.127841 0.15
2 0.509943 0.45 0.0653409 0.075
2 0.397727 0.372917 0.0397727 0.0541667
2 0.43892 0.389583 0.0596591 0.0625
2 0.511364 0.325 0.0340909 0.0333333
2 0.291193 0.360417 0.0482955 0.0708333
7 0.454545 0.320833 0.0852273 0.116667
2 0.399148 0.46875 0.0880682 0.129167
2 0.553977 0.508333 0.107955 0.141667
2 0.353693 0.420833 0.0482955 0.075
2 0.511364 0.383333 0.0454545 0.0583333
2 0.379261 0.8625 0.383523 0.275
