5 0.0596591 0.720833 0.113636 0.333333
2 0.586648 0.333333 0.0426136 0.0333333
2 0.522727 0.310417 0.0397727 0.0375
2 0.903409 0.660417 0.193182 0.2125
2 0.480114 0.585417 0.102273 0.120833
2 0.677557 0.372917 0.0596591 0.0458333
7 0.309659 0.391667 0.0909091 0.183333
2 0.482955 0.410417 0.0681818 0.0708333
2 0.643466 0.479167 0.105114 0.1
2 0.893466 0.85 0.213068 0.3
2 0.399148 0.341667 0.0426136 0.05
2 0.365057 0.31875 0.03125 0.0375
2 0.799716 0.48125 0.150568 0.120833
2 0.448864 0.775 0.1875 0.316667
2 0.447443 0.479167 0.105114 0.116667
2 0.494318 0.372917 0.0568182 0.0541667
2 0.394886 0.4125 0.0625 0.1
