2 0.943182 0.975 0.113636 0.05
2 0.431818 0.508333 0.0795455 0.133333
2 0.305398 0.3375 0.0426136 0.0416667
2 0.457386 0.4 0.0511364 0.0583333
2 0.295455 0.36875 0.0340909 0.0458333
2 0.50142 0.372917 0.0539773 0.0541667
2 0.491477 0.433333 0.0681818 0.075
2 0.555398 0.48125 0.0880682 0.104167
2 0.559659 0.404167 0.0625 0.0666667
2 0.396307 0.40625 0.0539773 0.0708333
2 0.3125 0.441667 0.0625 0.075
2 0.637784 0.447917 0.105114 0.1125
2 0.877841 0.5125 0.159091 0.0916667
2 0.318182 0.391667 0.0511364 0.0666667
2 0.757102 0.804167 0.355114 0.216667
