2 0.644886 0.397917 0.0738636 0.0541667
2 0.81392 0.4625 0.116477 0.0666667
2 0.52983 0.347917 0.0482955 0.0375
2 0.375 0.329167 0.0340909 0.0333333
2 0.34233 0.370833 0.0426136 0.0583333
2 0.473011 0.4125 0.0767045 0.0916667
2 0.224432 0.470833 0.0738636 0.133333
2 0.430398 0.45625 0.0823864 0.104167
2 0.302557 0.422917 0.0596591 0.0791667
2 0.348011 0.479167 0.0823864 0.108333
2 0.197443 0.385417 0.0426136 0.0458333
2 0.542614 0.464583 0.0965909 0.0958333
2 0.375 0.397917 0.0568182 0.0708333
2 0.28125 0.39375 0.0454545 0.0541667
