2 0.390625 0.3375 0.0426136 0.05
2 0.473011 0.352083 0.0426136 0.0458333
2 0.37642 0.410417 0.0539773 0.0625
2 0.551136 0.420833 0.0738636 0.075
7 0.585227 0.333333 0.0852273 0.1
2 0.521307 0.385417 0.0539773 0.0541667
2 0.400568 0.466667 0.0738636 0.1
2 0.444602 0.383333 0.0653409 0.075
2 0.518466 0.466667 0.0994318 0.1
2 0.284091 0.366667 0.0397727 0.05
2 0.632102 0.466667 0.105114 0.108333
2 0.764205 0.454167 0.125 0.075
2 0.901989 0.73125 0.196023 0.195833
2 0.357955 0.370833 0.0454545 0.0583333
