2 0.676136 0.366667 0.0568182 0.05
2 0.330966 0.322917 0.03125 0.0375
7 0.397727 0.304167 0.0568182 0.0916667
2 0.740057 0.395833 0.0767045 0.0583333
2 0.289773 0.347917 0.0454545 0.0458333
2 0.490057 0.433333 0.0710227 0.0833333
2 0.951705 0.483333 0.0965909 0.125
2 0.3125 0.452083 0.0625 0.0791667
2 0.377841 0.3875 0.0454545 0.0583333
2 0.832386 0.429167 0.107955 0.0833333
2 0.289773 0.395833 0.0511364 0.0666667
2 0.427557 0.4375 0.0653409 0.0833333
2 0.357955 0.35625 0.0397727 0.0541667
2 0.440341 0.375 0.0454545 0.05
2 0.474432 0.55 0.107955 0.133333
2 0.0539773 0.8625 0.107955 0.275
7 0.788352 0.725 0.411932 0.525
2 0.261364 0.695833 0.267045 0.241667
