2 0.366477 0.320833 0.0397727 0.0416667
2 0.325284 0.502083 0.0823864 0.120833
7 0.674716 0.354167 0.0767045 0.0833333
2 0.275568 0.327083 0.0284091 0.0291667
7 0.40625 0.29375 0.0568182 0.0791667
2 0.8125 0.422917 0.102273 0.0625
2 0.447443 0.341667 0.0482955 0.05
7 0.517045 0.3625 0.0965909 0.133333
2 0.575284 0.508333 0.122159 0.133333
2 0.647727 0.466667 0.113636 0.116667
2 0.340909 0.35 0.0454545 0.05
2 0.393466 0.429167 0.0653409 0.0833333
2 0.40625 0.358333 0.0454545 0.05
2 0.359375 0.3875 0.0482955 0.0583333
2 0.448864 0.39375 0.0625 0.0708333
2 0.490057 0.558333 0.122159 0.158333
2 0.848011 0.8125 0.286932 0.325
