2 0.911932 0.470833 0.130682 0.0833333
2 0.822443 0.43125 0.09375 0.0791667
2 0.309659 0.510417 0.0738636 0.1125
2 0.487216 0.370833 0.0596591 0.0666667
2 0.71733 0.389583 0.0710227 0.0541667
2 0.394886 0.34375 0.0340909 0.0375
2 0.619318 0.452083 0.119318 0.120833
2 0.448864 0.477083 0.0852273 0.104167
2 0.534091 0.408333 0.0568182 0.0666667
2 0.288352 0.358333 0.0482955 0.0666667
2 0.360795 0.385417 0.0397727 0.0541667
2 0.392045 0.420833 0.0568182 0.075
2 0.427557 0.372917 0.0482955 0.0541667
