2 0.670455 0.354167 0.0454545 0.0333333
2 0.465909 0.345833 0.0340909 0.0416667
2 0.551136 0.408333 0.0738636 0.075
2 0.428977 0.379167 0.0625 0.0666667
2 0.308239 0.510417 0.0710227 0.1125
2 0.822443 0.43125 0.09375 0.0791667
2 0.383523 0.34375 0.0284091 0.0375
2 0.909091 0.472917 0.125 0.0875
2 0.522727 0.46875 0.0852273 0.0958333
2 0.289773 0.360417 0.0454545 0.0708333
2 0.40767 0.479167 0.0767045 0.108333
2 0.616477 0.460417 0.102273 0.104167
2 0.471591 0.420833 0.0568182 0.0666667
2 0.504261 0.377083 0.0539773 0.0541667
2 0.384943 0.4125 0.0596591 0.0666667
