2 0.899148 0.45 0.110795 0.0833333
2 0.480114 0.347917 0.0454545 0.0541667
2 0.296875 0.36875 0.0369318 0.0458333
2 0.487216 0.427083 0.0653409 0.0708333
2 0.81392 0.414583 0.09375 0.0708333
2 0.387784 0.38125 0.0482955 0.0625
2 0.414773 0.354167 0.0340909 0.0416667
2 0.446023 0.383333 0.0511364 0.0583333
2 0.629261 0.458333 0.0994318 0.1
2 0.428977 0.48125 0.0738636 0.104167
2 0.3125 0.439583 0.0625 0.0708333
2 0.545455 0.477083 0.0909091 0.104167
2 0.495739 0.829167 0.372159 0.258333
2 0.318182 0.391667 0.0511364 0.0666667
2 0.512784 0.377083 0.0482955 0.0541667
2 0.90483 0.65625 0.190341 0.170833
2 0.403409 0.427083 0.0625 0.0791667
