2 0.535511 0.404167 0.0596591 0.0666667
2 0.825284 0.43125 0.09375 0.0791667
2 0.671875 0.35625 0.0426136 0.0291667
2 0.409091 0.322917 0.0284091 0.0375
2 0.71875 0.391667 0.0738636 0.0583333
2 0.490057 0.372917 0.0653409 0.0625
2 0.309659 0.510417 0.0738636 0.1125
2 0.475852 0.422917 0.0596591 0.0625
2 0.910511 0.470833 0.122159 0.0833333
2 0.288352 0.360417 0.0482955 0.0708333
2 0.43892 0.379167 0.0539773 0.0583333
2 0.447443 0.477083 0.0823864 0.104167
2 0.534091 0.470833 0.0965909 0.116667
2 0.393466 0.425 0.0596591 0.075
2 0.617898 0.45 0.122159 0.125
2 0.355114 0.372917 0.0454545 0.0541667
