2 0.289773 0.360417 0.0511364 0.0708333
2 0.507102 0.4375 0.0767045 0.0833333
2 0.464489 0.308333 0.03125 0.025
2 0.521307 0.39375 0.0653409 0.0541667
2 0.505682 0.502083 0.0795455 0.120833
2 0.509943 0.320833 0.0426136 0.0416667
2 0.399148 0.352083 0.0482955 0.0541667
2 0.605114 0.364583 0.0625 0.0458333
2 0.480114 0.360417 0.0511364 0.0541667
2 0.582386 0.435417 0.0852273 0.0875
2 0.302557 0.45625 0.0653409 0.0875
2 0.294034 0.408333 0.0482955 0.0416667
2 0.410511 0.458333 0.0767045 0.108333
2 0.348011 0.34375 0.0369318 0.0458333
2 0.84517 0.43125 0.127841 0.0791667
2 0.451705 0.40625 0.0795455 0.0791667
2 0.677557 0.489583 0.110795 0.120833
2 0.357955 0.383333 0.0454545 0.0583333
2 0.382102 0.410417 0.0539773 0.0625
