2 0.805398 0.427083 0.0482955 0.0541667
2 0.393466 0.3375 0.0482955 0.05
2 0.458807 0.352083 0.0426136 0.0458333
2 0.295455 0.40625 0.0454545 0.0375
2 0.301136 0.45625 0.0681818 0.0875
2 0.431818 0.377083 0.0511364 0.0541667
2 0.417614 0.54375 0.0965909 0.145833
2 0.53125 0.385417 0.0681818 0.0791667
2 0.478693 0.425 0.0653409 0.075
5 0.585227 0.3375 0.119318 0.1
2 0.396307 0.422917 0.0653409 0.0791667
5 0.90625 0.5 0.1875 0.241667
2 0.536932 0.485417 0.102273 0.120833
2 0.71733 0.520833 0.133523 0.116667
