2 0.40483 0.320833 0.0369318 0.0333333
2 0.488636 0.372917 0.0397727 0.0458333
2 0.535511 0.4 0.0710227 0.075
2 0.410511 0.366667 0.0426136 0.05
2 0.978693 0.535417 0.0426136 0.0875
2 0.302557 0.45625 0.0653409 0.0875
2 0.294034 0.40625 0.0482955 0.0375
2 0.471591 0.425 0.0681818 0.0833333
2 0.34517 0.35 0.0426136 0.0583333
2 0.357955 0.385417 0.0397727 0.0458333
2 0.37358 0.41875 0.0539773 0.0791667
2 0.421875 0.475 0.0880682 0.133333
2 0.615057 0.458333 0.09375 0.0916667
2 0.846591 0.43125 0.125 0.0875
2 0.440341 0.39375 0.0511364 0.0625
2 0.170455 0.8875 0.340909 0.225
2 0.53125 0.48125 0.102273 0.129167
