2 0.278409 0.3125 0.0340909 0.0416667
2 0.829545 0.43125 0.0909091 0.0875
2 0.333807 0.335417 0.0426136 0.0458333
2 0.740057 0.39375 0.0710227 0.0458333
2 0.288352 0.347917 0.0426136 0.0458333
2 0.3125 0.452083 0.0625 0.0791667
2 0.355114 0.366667 0.0454545 0.05
2 0.897727 0.729167 0.198864 0.225
2 0.43892 0.39375 0.03125 0.0625
2 0.289773 0.395833 0.0511364 0.0666667
2 0.401989 0.44375 0.0653409 0.0791667
2 0.924716 0.458333 0.150568 0.116667
2 0.572443 0.702083 0.178977 0.2125
7 0.534091 0.422917 0.170455 0.229167
2 0.379261 0.391667 0.0539773 0.0583333
