2 0.713068 0.41875 0.0852273 0.0625
5 0.375 0.297917 0.0738636 0.0625
2 0.291193 0.329167 0.0369318 0.0416667
2 0.231534 0.508333 0.0767045 0.108333
2 0.197443 0.347917 0.03125 0.0291667
2 0.528409 0.347917 0.0454545 0.0375
2 0.430398 0.46875 0.0880682 0.104167
2 0.25 0.379167 0.0397727 0.05
2 0.815341 0.4625 0.119318 0.0666667
2 0.221591 0.445833 0.0625 0.075
2 0.387784 0.597917 0.0994318 0.1875
2 0.198864 0.38125 0.0397727 0.0458333
2 0.346591 0.335417 0.0340909 0.0375
2 0.319602 0.35625 0.0426136 0.0458333
2 0.430398 0.389583 0.0596591 0.0541667
2 0.725852 0.595833 0.178977 0.15
