2 0.451705 0.345833 0.0454545 0.0416667
2 0.643466 0.383333 0.0823864 0.0583333
2 0.505682 0.502083 0.0795455 0.120833
2 0.507102 0.433333 0.0823864 0.0833333
2 0.521307 0.39375 0.0653409 0.0541667
2 0.399148 0.35 0.0482955 0.05
2 0.585227 0.435417 0.0852273 0.0875
2 0.294034 0.408333 0.0426136 0.0416667
2 0.481534 0.364583 0.0482955 0.0458333
2 0.302557 0.45625 0.0653409 0.0875
2 0.433239 0.395833 0.0596591 0.05
2 0.84517 0.43125 0.127841 0.0875
2 0.410511 0.458333 0.0767045 0.108333
2 0.348011 0.364583 0.0369318 0.0458333
2 0.678977 0.4875 0.113636 0.125
2 0.382102 0.404167 0.0539773 0.0583333
2 0.741477 0.754167 0.403409 0.275
