2 0.393466 0.347917 0.0369318 0.0458333
2 0.826705 0.429167 0.0909091 0.0833333
2 0.511364 0.325 0.0454545 0.0416667
2 0.308239 0.435417 0.0596591 0.0625
2 0.71875 0.389583 0.0681818 0.0458333
2 0.420455 0.370833 0.0454545 0.05
2 0.490057 0.439583 0.0880682 0.104167
2 0.308239 0.510417 0.0767045 0.120833
2 0.421875 0.477083 0.0823864 0.1125
2 0.289773 0.360417 0.0511364 0.0708333
2 0.545455 0.40625 0.0852273 0.0791667
2 0.909091 0.470833 0.125 0.0833333
2 0.600852 0.377083 0.0596591 0.0458333
2 0.387784 0.422917 0.0596591 0.0708333
2 0.440341 0.404167 0.0511364 0.0666667
2 0.5 0.377083 0.0511364 0.0541667
2 0.634943 0.470833 0.110795 0.1
