2 0.96733 0.660417 0.0653409 0.1375
2 0.883523 0.433333 0.0511364 0.0666667
2 0.294034 0.408333 0.0482955 0.0416667
2 0.301136 0.45625 0.0681818 0.0875
5 0.725852 0.39375 0.275568 0.179167
2 0.40767 0.479167 0.0823864 0.116667
2 0.512784 0.44375 0.09375 0.1125
2 0.441761 0.685417 0.133523 0.2375
2 0.43608 0.3375 0.0426136 0.0416667
5 0.480114 0.297917 0.0852273 0.0708333
2 0.43608 0.3875 0.0539773 0.0583333
2 0.661932 0.579167 0.198864 0.183333
2 0.382102 0.347917 0.0426136 0.0458333
2 0.734375 0.852083 0.258523 0.295833
