7 0.366477 0.35 0.0795455 0.133333
2 0.295455 0.389583 0.0454545 0.0458333
2 0.296875 0.433333 0.0539773 0.0583333
2 0.522727 0.4125 0.0738636 0.0833333
2 0.636364 0.354167 0.0568182 0.05
2 0.916193 0.475 0.116477 0.0833333
2 0.31108 0.50625 0.0823864 0.145833
7 0.410511 0.447917 0.09375 0.154167
2 0.542614 0.475 0.0965909 0.116667
2 0.768466 0.408333 0.09375 0.0583333
2 0.455966 0.58125 0.0994318 0.154167
2 0.460227 0.347917 0.0568182 0.0625
2 0.666193 0.489583 0.116477 0.104167
2 0.360795 0.752083 0.1875 0.2375
