2 0.401989 0.34375 0.03125 0.0458333
2 0.446023 0.377083 0.0681818 0.104167
2 0.512784 0.33125 0.03125 0.0291667
7 0.363636 0.364583 0.0568182 0.0958333
2 0.399148 0.458333 0.0710227 0.116667
2 0.27983 0.3125 0.03125 0.0416667
2 0.738636 0.395833 0.0795455 0.0583333
2 0.3125 0.452083 0.0625 0.0791667
2 0.286932 0.347917 0.0454545 0.0458333
2 0.475852 0.429167 0.0653409 0.0916667
2 0.830966 0.429167 0.105114 0.0833333
2 0.289773 0.395833 0.0511364 0.0666667
2 0.53267 0.49375 0.122159 0.145833
2 0.575284 0.916667 0.440341 0.166667
