2 0.551136 0.410417 0.0738636 0.0791667
2 0.471591 0.347917 0.0397727 0.0458333
2 0.671875 0.35625 0.0426136 0.0291667
2 0.474432 0.30625 0.0340909 0.0375
2 0.514205 0.34375 0.0454545 0.0375
2 0.825284 0.43125 0.0994318 0.0791667
2 0.427557 0.377083 0.0653409 0.0708333
2 0.309659 0.510417 0.0738636 0.1125
2 0.384943 0.341667 0.03125 0.0416667
2 0.473011 0.422917 0.0596591 0.0708333
2 0.288352 0.360417 0.0482955 0.0708333
2 0.522727 0.466667 0.0852273 0.1
2 0.40767 0.479167 0.0767045 0.108333
2 0.616477 0.458333 0.102273 0.108333
2 0.909091 0.470833 0.125 0.0833333
2 0.504261 0.375 0.0539773 0.0583333
2 0.387784 0.414583 0.0596591 0.0625
