2 0.37642 0.329167 0.0369318 0.0333333
2 0.431818 0.335417 0.0397727 0.0375
2 0.426136 0.614583 0.119318 0.195833
2 0.308239 0.510417 0.0767045 0.1125
2 0.823864 0.43125 0.0909091 0.0791667
2 0.419034 0.4625 0.0767045 0.0916667
2 0.542614 0.402083 0.0681818 0.0708333
2 0.484375 0.3625 0.0482955 0.05
2 0.289773 0.360417 0.0454545 0.0708333
2 0.924716 0.7125 0.150568 0.258333
2 0.552557 0.504167 0.110795 0.125
2 0.617898 0.452083 0.0994318 0.104167
2 0.90767 0.470833 0.122159 0.0833333
2 0.427557 0.38125 0.0539773 0.0541667
