2 0.5 0.379167 0.0454545 0.05
2 0.46733 0.408333 0.0710227 0.0833333
2 0.927557 0.51875 0.144886 0.1125
2 0.825284 0.429167 0.0994318 0.0833333
2 0.548295 0.345833 0.0511364 0.05
2 0.536932 0.4 0.0568182 0.0666667
2 0.71733 0.389583 0.0710227 0.0541667
2 0.308239 0.510417 0.0767045 0.1125
5 0.380682 0.38125 0.0965909 0.1625
2 0.502841 0.460417 0.0852273 0.0958333
2 0.426136 0.485417 0.0795455 0.1125
2 0.599432 0.439583 0.0965909 0.104167
2 0.521307 0.83125 0.355114 0.229167
2 0.288352 0.358333 0.0482955 0.0666667
