2 0.738636 0.391667 0.0965909 0.075
7 0.674716 0.35625 0.0767045 0.0791667
2 0.321023 0.325 0.0340909 0.0416667
2 0.325284 0.497917 0.0823864 0.1125
2 0.47017 0.35625 0.0426136 0.0541667
2 0.359375 0.389583 0.0426136 0.0625
2 0.518466 0.3875 0.0596591 0.075
2 0.34517 0.360417 0.0426136 0.0541667
2 0.81392 0.422917 0.0994318 0.0625
2 0.40625 0.35625 0.0454545 0.0458333
2 0.441761 0.510417 0.09375 0.120833
2 0.488636 0.435417 0.0795455 0.0875
2 0.606534 0.425 0.127841 0.15
2 0.384943 0.4125 0.0653409 0.075
2 0.541193 0.50625 0.0994318 0.120833
2 0.434659 0.3875 0.0568182 0.0666667
