2 0.414773 0.366667 0.0397727 0.05
2 0.463068 0.422917 0.0511364 0.0791667
2 0.328125 0.50625 0.0880682 0.154167
2 0.386364 0.410417 0.0568182 0.0625
2 0.47017 0.35 0.0482955 0.0583333
2 0.40483 0.460417 0.0710227 0.0958333
2 0.27983 0.370833 0.0369318 0.05
2 0.65625 0.404167 0.0852273 0.0583333
2 0.612216 0.44375 0.105114 0.120833
2 0.433239 0.3875 0.0426136 0.0666667
2 0.298295 0.4125 0.0511364 0.0666667
2 0.536932 0.46875 0.119318 0.154167
2 0.508523 0.375 0.0568182 0.05
2 0.356534 0.375 0.0426136 0.0666667
