2 0.370739 0.322917 0.03125 0.0375
2 0.822443 0.433333 0.09375 0.0833333
2 0.309659 0.510417 0.0738636 0.1125
2 0.565341 0.41875 0.0852273 0.0791667
2 0.805398 0.958333 0.235795 0.0833333
2 0.401989 0.352083 0.0426136 0.0458333
2 0.455966 0.383333 0.0653409 0.05
2 0.909091 0.470833 0.125 0.0833333
2 0.288352 0.360417 0.0482955 0.0708333
2 0.46733 0.35 0.0482955 0.05
2 0.703125 0.635417 0.178977 0.179167
2 0.40483 0.427083 0.0653409 0.0708333
2 0.352273 0.360417 0.0454545 0.0541667
2 0.27983 0.783333 0.258523 0.233333
2 0.795455 0.54375 0.159091 0.154167
