2 0.423295 0.4125 0.0681818 0.075
2 0.305398 0.447917 0.0823864 0.0875
2 0.291193 0.39375 0.0482955 0.0625
5 0.457386 0.29375 0.0625 0.0625
2 0.740057 0.395833 0.0823864 0.0583333
2 0.286932 0.347917 0.0454545 0.0458333
7 0.366477 0.35 0.0625 0.116667
2 0.326705 0.904167 0.426136 0.191667
2 0.428977 0.80625 0.448864 0.1875
2 0.504261 0.495833 0.167614 0.183333
2 0.924716 0.458333 0.150568 0.116667
2 0.332386 0.65625 0.193182 0.220833
2 0.758523 0.529167 0.261364 0.225
2 0.855114 0.733333 0.289773 0.216667
2 0.833807 0.885417 0.332386 0.229167
