2 0.230114 0.5125 0.0795455 0.0916667
2 0.590909 0.366667 0.0568182 0.05
2 0.714489 0.41875 0.0823864 0.0541667
2 0.197443 0.345833 0.03125 0.0333333
2 0.646307 0.39375 0.0767045 0.0541667
2 0.223011 0.447917 0.0596591 0.0791667
2 0.383523 0.327083 0.0397727 0.0458333
2 0.535511 0.347917 0.0596591 0.0375
2 0.542614 0.4 0.0852273 0.075
2 0.460227 0.345833 0.0511364 0.0416667
2 0.200284 0.38125 0.0426136 0.0458333
2 0.359375 0.5625 0.09375 0.125
2 0.828125 0.858333 0.184659 0.275
2 0.839489 0.516667 0.167614 0.108333
2 0.883523 0.652083 0.232955 0.129167
2 0.244318 0.764583 0.340909 0.245833
