      0/49     10.7G   0.03645   0.07325   0.04058    0.1503       443       640    0.5428    0.6373    0.6143    0.4107   0.04879   0.09599   0.03365
      1/49     10.9G   0.03301   0.06064   0.02419    0.1178       590       640    0.5512    0.6344    0.6249    0.4107   0.04837    0.0876   0.03508
      2/49     11.5G   0.03129   0.05004   0.01371   0.09503       454       640    0.5231    0.8114    0.7001    0.4654   0.04717   0.08288   0.03621
      3/49     11.5G   0.03094   0.04873   0.01128   0.09096       627       640    0.7656     0.577    0.7433     0.484   0.04825   0.08203   0.03416
      4/49     11.5G   0.03069   0.04154  0.007888   0.08012       319       640    0.8139    0.6038    0.7805    0.4729   0.04986   0.08391    0.0321
      5/49     11.5G   0.02991   0.04533  0.007745   0.08299       587       640    0.8362    0.6508    0.8117    0.5296   0.04908    0.0834   0.03113
      6/49     11.5G   0.03147   0.04202  0.006061   0.07956       468       640     0.861    0.6292     0.828    0.5473   0.04879   0.08762   0.02846
      7/49     11.5G   0.03281   0.04212  0.005446   0.08038       513       640    0.5957    0.7155    0.6896    0.3597   0.06215   0.08347   0.02865
      8/49     11.5G   0.04298   0.04018  0.005893   0.08905       514       640     0.619    0.7068    0.6956    0.3525    0.0627   0.08215   0.02674
      9/49     11.5G   0.03913   0.03991   0.00698   0.08602       231       640      0.79    0.7227    0.8299    0.5055   0.05462   0.08054   0.02118
     10/49     11.5G   0.03659   0.04805  0.005659   0.09031       421       640     0.756     0.774    0.8254    0.4405    0.0545   0.07496   0.02314
     11/49     11.5G    0.0351   0.04394   0.00622   0.08526       377       640    0.7528    0.7514     0.802    0.4461   0.05269    0.0785   0.02243
     12/49     11.5G   0.03565   0.04299  0.004922   0.08356       531       640    0.5712    0.7812    0.6936     0.335   0.05995   0.07391   0.02199
     13/49     11.5G   0.03852   0.03984  0.004971   0.08333       542       640    0.5951    0.7216    0.7098    0.3842      0.06   0.07391   0.02211
     14/49     11.5G   0.03937   0.04017  0.006145   0.08569       403       640    0.8594    0.6373    0.7825    0.3293   0.06899   0.06919   0.01921
     15/49     11.5G   0.04033   0.03614  0.005756   0.08223       356       640    0.7411    0.7336    0.8186    0.4002   0.06291   0.07138   0.01715
     16/49     11.5G   0.03971   0.03797  0.005499   0.08318       333       640    0.7171    0.8233    0.8343    0.5384   0.05639   0.08181   0.01666
     17/49     11.5G   0.03605   0.04601  0.004938     0.087       527       640    0.8835    0.6287    0.7974    0.4545   0.05959   0.06957   0.01743
     18/49     11.5G   0.03691   0.04073  0.005667    0.0833       466       640    0.8784    0.7889    0.8707     0.489   0.05934   0.07206    0.0186
     19/49     11.5G   0.03366   0.04394  0.005613   0.08321       586       640    0.7837    0.7785    0.8576    0.5159   0.05257   0.07309    0.0169
     20/49     11.5G   0.03637   0.04441  0.004899   0.08568       451       640    0.7842    0.7824    0.8388    0.4877   0.06147     0.069   0.01428
     21/49     11.5G   0.03376   0.04217   0.00511   0.08105       465       640     0.677    0.7705    0.7529    0.4184   0.05784   0.07324   0.01491
     22/49     11.5G    0.0352    0.0441  0.004447   0.08374       419       640    0.6897    0.6292    0.7226    0.4321   0.06087   0.06393   0.01408
     23/49     11.5G   0.04467   0.04163  0.004814   0.09111       524       640    0.5967    0.6193    0.6268     0.285    0.0772   0.05472   0.01265
     24/49     11.5G   0.05266   0.03279  0.006321   0.09177       521       640    0.6598    0.7075    0.7397    0.2932   0.08346   0.05533    0.0125
     25/49     11.5G   0.04275   0.03627  0.006783    0.0858       616       640    0.7411    0.6802    0.7908    0.4893   0.07542   0.06028   0.01104
     26/49     11.5G   0.04113   0.03586  0.005288   0.08228       530       640    0.6268    0.7083    0.7306    0.3448   0.07461   0.05868   0.01042
     27/49     11.5G   0.04407   0.03444  0.004882   0.08339       329       640    0.7357    0.7991    0.8149     0.406   0.07007   0.06195   0.01213
     28/49     11.5G   0.03719   0.03685  0.004904   0.07894       467       640    0.6462    0.8858    0.8054     0.355   0.07225   0.05632   0.01073
     29/49     11.5G    0.0476   0.03651   0.00524   0.08935       459       640    0.8524    0.7599    0.8753    0.4673   0.07259   0.06171   0.01056
     30/49     11.5G   0.04199   0.03887  0.005313   0.08617       594       640    0.7205    0.7271    0.7695    0.4185   0.08056    0.0596  0.009363
     31/49     11.5G   0.04672   0.03866   0.00604   0.09141       253       640    0.7691    0.8179    0.8668    0.4566   0.08093   0.05669   0.01033
     32/49     11.5G   0.04295   0.03466  0.005825   0.08343       591       640    0.8082    0.6547    0.8077    0.4449     0.087   0.05123  0.009935
     33/49     11.5G   0.04464   0.03292  0.004943    0.0825       406       640    0.8116    0.6935    0.8331    0.5037   0.08525   0.04994   0.01001
     34/49     11.5G   0.04282   0.03304  0.005094   0.08096       362       640    0.8643    0.7441     0.872    0.5481   0.08292   0.04882  0.009593
     35/49     11.5G   0.04308   0.03279   0.00463    0.0805       540       640    0.8855    0.7818    0.8973    0.5546   0.07894   0.05157  0.009646
     36/49     11.5G   0.03741   0.03303  0.004918   0.07536       525       640     0.882    0.7746    0.8859    0.5123   0.07473   0.05221  0.009097
     37/49     11.5G   0.03554   0.03543  0.004355   0.07533       491       640    0.8241     0.727    0.8278    0.5119   0.07893   0.04961  0.007668
     38/49     11.5G   0.03885   0.03124  0.004117    0.0742       485       640    0.9282    0.8097    0.9038    0.5758   0.07027   0.05349  0.008065
     39/49     11.5G   0.04236   0.03246  0.004586   0.07941       584       640    0.8232    0.8128    0.8647     0.462   0.07481   0.05555  0.009031
     40/49     11.5G   0.04062   0.03135  0.005034     0.077       480       640    0.8426    0.8465    0.8858    0.5687    0.0738     0.056   0.00895
     41/49     11.5G   0.03508   0.03334  0.004732   0.07315       295       640    0.9322    0.8435    0.9145    0.5753    0.0733   0.05571   0.00819
     42/49     11.5G   0.03504     0.036  0.004672   0.07571       397       640    0.9026    0.8475    0.9198    0.5863   0.07109   0.05518  0.007612
     43/49     11.5G   0.03578   0.03379  0.004111   0.07368       424       640    0.8904    0.8431    0.9153    0.5992   0.06833   0.05616  0.007461
     44/49     11.5G   0.03308   0.03446  0.003955    0.0715       296       640    0.9182    0.8503    0.9229    0.6069   0.06465   0.05626  0.007324
     45/49     11.5G   0.03207   0.03212  0.003749   0.06795       450       640    0.8996    0.8658    0.9234    0.5922   0.06479   0.05583  0.007191
     46/49     11.5G    0.0349   0.03429  0.003646   0.07284       415       640    0.9413    0.8707    0.9303    0.6197   0.06403   0.05713  0.007386
     47/49     11.5G   0.03192   0.03095  0.003513   0.06638       469       640    0.9392    0.8741    0.9311    0.6201   0.06333   0.05866  0.007879
     48/49     11.5G   0.03089    0.0368  0.003815   0.07151       399       640     0.952    0.8733    0.9358    0.6606   0.06111   0.05897  0.007765
     49/49     11.5G   0.03206   0.03356   0.00354   0.06915       530       640    0.9431    0.8537    0.9236    0.6343   0.06134   0.06038  0.007924
