5 0.245739 0.3375 0.0823864 0.166667
2 0.484375 0.272917 0.0482955 0.0458333
2 0.542614 0.310417 0.0568182 0.0625
2 0.414773 0.333333 0.0454545 0.05
2 0.397727 0.302083 0.0340909 0.0458333
2 0.52983 0.383333 0.0823864 0.075
2 0.225852 0.483333 0.0880682 0.133333
2 0.446023 0.377083 0.0681818 0.0708333
2 0.578125 0.33125 0.0653409 0.0625
2 0.365057 0.404167 0.0653409 0.0833333
2 0.333807 0.316667 0.0426136 0.05
2 0.416193 0.566667 0.110795 0.191667
2 0.723011 0.55 0.150568 0.175
2 0.836648 0.833333 0.321023 0.333333
