2 0.34375 0.291667 0.0397727 0.05
2 0.590909 0.335417 0.0681818 0.0708333
2 0.737216 0.975 0.201705 0.05
2 0.286932 0.283333 0.0397727 0.0416667
2 0.848011 0.539583 0.21875 0.1375
2 0.265625 0.35625 0.0482955 0.0708333
2 0.332386 0.516667 0.107955 0.175
2 0.538352 0.452083 0.0994318 0.1125
2 0.9375 0.945833 0.125 0.108333
2 0.372159 0.383333 0.0681818 0.0833333
2 0.291193 0.745833 0.150568 0.325
2 0.50142 0.6375 0.144886 0.216667
2 0.15767 0.514583 0.150568 0.170833
2 0.644886 0.60625 0.147727 0.154167
