2 0.330966 0.289583 0.03125 0.0375
2 0.443182 0.289583 0.0397727 0.0458333
2 0.397727 0.439583 0.0738636 0.104167
2 0.545455 0.345833 0.0681818 0.0666667
2 0.576705 0.410417 0.0909091 0.0958333
2 0.21875 0.389583 0.0625 0.0625
2 0.582386 0.3375 0.0625 0.0583333
2 0.919034 0.575 0.161932 0.15
2 0.102273 0.533333 0.198864 0.183333
2 0.428977 0.347917 0.0568182 0.0708333
2 0.352273 0.583333 0.119318 0.216667
2 0.484375 0.325 0.0539773 0.0583333
2 0.609375 0.55 0.15625 0.191667
2 0.745739 0.491667 0.173295 0.125
