2 0.369318 0.404167 0.0568182 0.0666667
2 0.284091 0.366667 0.0397727 0.0583333
0 0.451705 0.627083 0.0340909 0.120833
0 0.109375 0.645833 0.03125 0.116667
2 0.607955 0.445833 0.0965909 0.1
2 0.458807 0.410417 0.0710227 0.0875
0 0.0426136 0.683333 0.0511364 0.133333
0 0.350852 0.6375 0.03125 0.133333
0 0.149148 0.6375 0.03125 0.125
0 0.258523 0.658333 0.0340909 0.133333
0 0.0809659 0.664583 0.03125 0.129167
7 0.754261 0.4 0.275568 0.2
2 0.401989 0.458333 0.0767045 0.0833333
2 0.534091 0.475 0.102273 0.116667
