0 0.125 0.625 0.0340909 0.133333
2 0.924716 0.475 0.127841 0.075
0 0.829545 0.50625 0.0284091 0.0791667
0 0.426136 0.554167 0.0340909 0.1
0 0.457386 0.577083 0.0340909 0.104167
0 0.34233 0.56875 0.0369318 0.1125
0 0.836648 0.545833 0.0369318 0.0916667
0 0.204545 0.564583 0.0340909 0.120833
0 0.71733 0.545833 0.03125 0.141667
0 0.37358 0.585417 0.03125 0.129167
2 0.43608 0.389583 0.0710227 0.0791667
2 0.603693 0.429167 0.116477 0.133333
2 0.308239 0.508333 0.09375 0.141667
2 0.409091 0.454167 0.0795455 0.108333
2 0.769886 0.408333 0.0909091 0.0583333
