2 0.828125 0.427083 0.105114 0.0708333
0 0.0667614 0.641667 0.03125 0.1
9 0.196023 0.477083 0.0284091 0.0541667
0 0.984375 0.589583 0.03125 0.1125
2 0.535511 0.395833 0.0653409 0.0666667
2 0.291193 0.360417 0.0482955 0.0708333
0 0.617898 0.56875 0.03125 0.120833
2 0.71733 0.3875 0.0710227 0.0583333
0 0.678977 0.539583 0.0340909 0.120833
0 0.947443 0.595833 0.0426136 0.125
0 0.585227 0.56875 0.0340909 0.0958333
0 0.727273 0.5625 0.0454545 0.108333
2 0.910511 0.470833 0.127841 0.0833333
0 0.53125 0.54375 0.0340909 0.0958333
2 0.424716 0.479167 0.0823864 0.108333
2 0.599432 0.439583 0.0965909 0.104167
5 0.369318 0.35625 0.0852273 0.1375
2 0.308239 0.510417 0.0767045 0.104167
