0 0.278409 0.429167 0.0170455 0.0666667
0 0.275568 0.635417 0.0284091 0.1375
0 0.671875 0.51875 0.0255682 0.0958333
5 0.441761 0.3375 0.0710227 0.075
2 0.818182 0.454167 0.125 0.0833333
2 0.830966 0.952083 0.332386 0.0958333
0 0.0724432 0.66875 0.0369318 0.120833
0 0.109375 0.658333 0.0369318 0.141667
2 0.339489 0.466667 0.0880682 0.125
2 0.230114 0.504167 0.0795455 0.108333
2 0.767045 0.622917 0.107955 0.145833
2 0.903409 0.535417 0.181818 0.0958333
2 0.916193 0.710417 0.167614 0.2125
2 0.538352 0.479167 0.110795 0.0916667
