2 0.446023 0.408333 0.0568182 0.075
2 0.284091 0.366667 0.0397727 0.05
0 0.0767045 0.6375 0.0340909 0.108333
0 0.663352 0.5625 0.0255682 0.1
2 0.389205 0.414583 0.0568182 0.0875
2 0.882102 0.445833 0.133523 0.0916667
0 0.643466 0.560417 0.0198864 0.0875
0 0.107955 0.65 0.0397727 0.108333
0 0.352273 0.589583 0.0284091 0.1125
0 0.745739 0.558333 0.03125 0.108333
2 0.72017 0.429167 0.105114 0.0666667
2 0.372159 0.475 0.0738636 0.0916667
2 0.137784 0.891667 0.275568 0.216667
2 0.517045 0.466667 0.0909091 0.0833333
2 0.646307 0.4625 0.110795 0.0916667
