0 0.255682 0.683333 0.0340909 0.125
2 0.444602 0.49375 0.110795 0.104167
0 0.12642 0.6625 0.0369318 0.116667
0 0.0681818 0.66875 0.0397727 0.129167
2 0.31108 0.452083 0.0653409 0.0791667
7 0.112216 0.93125 0.224432 0.129167
0 0.207386 0.679167 0.0454545 0.15
2 0.448864 0.94375 0.454545 0.1125
0 0.917614 0.5125 0.0284091 0.0916667
7 0.924716 0.45625 0.150568 0.1125
7 0.448864 0.74375 0.318182 0.404167
7 0.805398 0.7625 0.332386 0.283333
2 0.886364 0.9 0.227273 0.2
2 0.0994318 0.804167 0.198864 0.158333
