2 0.825284 0.427083 0.0994318 0.0791667
2 0.291193 0.360417 0.0482955 0.0708333
2 0.426136 0.38125 0.0625 0.0708333
2 0.71733 0.3875 0.0710227 0.0583333
2 0.340909 0.345833 0.0397727 0.05
5 0.455966 0.327083 0.0880682 0.0958333
2 0.909091 0.46875 0.125 0.0875
0 0.112216 0.725 0.0482955 0.15
2 0.482955 0.635417 0.119318 0.204167
2 0.87358 0.647917 0.207386 0.170833
2 0.308239 0.510417 0.0767045 0.104167
0 0.193182 0.76875 0.0454545 0.1625
2 0.919034 0.883333 0.161932 0.225
2 0.555398 0.5 0.0994318 0.1
