0 0.460227 0.627083 0.0454545 0.129167
2 0.369318 0.404167 0.0568182 0.0666667
0 0.350852 0.641667 0.03125 0.116667
2 0.285511 0.366667 0.0369318 0.0583333
2 0.3125 0.9125 0.346591 0.175
0 0.0397727 0.702083 0.0454545 0.154167
0 0.258523 0.660417 0.0340909 0.129167
2 0.458807 0.4125 0.0710227 0.0916667
2 0.809659 0.458333 0.125 0.1
0 0.0823864 0.664583 0.0284091 0.120833
2 0.617898 0.45 0.110795 0.1
7 0.598011 0.341667 0.173295 0.133333
2 0.401989 0.460417 0.0767045 0.0791667
2 0.536932 0.48125 0.102273 0.1125
