2 0.471591 0.35625 0.0454545 0.0458333
2 0.443182 0.3875 0.0681818 0.0666667
2 0.284091 0.36875 0.0397727 0.0541667
2 0.880682 0.445833 0.130682 0.0916667
2 0.416193 0.454167 0.0823864 0.0833333
0 0.204545 0.616667 0.0454545 0.133333
0 0.12358 0.9 0.0653409 0.2
2 0.360795 0.35625 0.0454545 0.0458333
2 0.448864 0.514583 0.102273 0.0958333
2 0.965909 0.933333 0.0681818 0.133333
2 0.428977 0.635417 0.130682 0.195833
2 0.525568 0.452083 0.0909091 0.104167
2 0.889205 0.610417 0.210227 0.204167
2 0.642045 0.470833 0.113636 0.116667
