0 0.900568 0.502083 0.0227273 0.0791667
2 0.291193 0.360417 0.0482955 0.0708333
2 0.71875 0.389583 0.0738636 0.0541667
2 0.534091 0.404167 0.0568182 0.075
0 0.0852273 0.708333 0.0625 0.158333
2 0.819602 0.425 0.0880682 0.0666667
0 0.6875 0.533333 0.0227273 0.1
2 0.487216 0.36875 0.0596591 0.0708333
2 0.392045 0.422917 0.0568182 0.0791667
0 0.0440341 0.666667 0.0369318 0.125
2 0.90625 0.464583 0.125 0.0708333
0 0.734375 0.55 0.0369318 0.158333
2 0.430398 0.372917 0.0482955 0.0541667
0 0.502841 0.5625 0.0340909 0.133333
0 0.653409 0.564583 0.0227273 0.104167
7 0.619318 0.441667 0.125 0.141667
0 0.832386 0.55 0.0340909 0.1
0 0.160511 0.739583 0.0426136 0.129167
2 0.448864 0.470833 0.0909091 0.116667
2 0.308239 0.510417 0.0767045 0.104167
