2 0.382102 0.35 0.0426136 0.0416667
5 0.481534 0.295833 0.0880682 0.075
2 0.884943 0.433333 0.0539773 0.075
2 0.43608 0.385417 0.0539773 0.0625
0 0.174716 0.610417 0.0255682 0.120833
2 0.302557 0.45625 0.0653409 0.0875
2 0.40767 0.479167 0.0880682 0.108333
0 0.0710227 0.745833 0.0397727 0.15
2 0.515625 0.439583 0.0994318 0.120833
2 0.441761 0.685417 0.139205 0.2375
2 0.965909 0.658333 0.0681818 0.116667
5 0.727273 0.39375 0.278409 0.179167
2 0.661932 0.577083 0.204545 0.1875
2 0.735795 0.852083 0.25 0.2875
