2 0.473011 0.420833 0.0596591 0.075
2 0.822443 0.429167 0.09375 0.075
2 0.383523 0.408333 0.0625 0.0666667
0 0.0269886 0.620833 0.03125 0.108333
0 0.490057 0.572917 0.0255682 0.0958333
0 0.944602 0.520833 0.03125 0.108333
0 0.0610795 0.6125 0.0539773 0.15
0 0.72017 0.533333 0.0198864 0.0916667
2 0.910511 0.460417 0.127841 0.0958333
0 0.441761 0.56875 0.0255682 0.0958333
2 0.308239 0.510417 0.0767045 0.104167
0 0.761364 0.514583 0.0284091 0.0958333
2 0.522727 0.466667 0.0852273 0.0916667
2 0.409091 0.479167 0.0795455 0.0916667
2 0.616477 0.45625 0.102273 0.1125
