0 0.633523 0.5625 0.0284091 0.108333
2 0.556818 0.477083 0.0738636 0.0875
2 0.815341 0.414583 0.0909091 0.0708333
2 0.403409 0.43125 0.0625 0.0791667
0 0.0525568 0.639583 0.0426136 0.120833
0 0.923295 0.53125 0.0340909 0.0791667
0 0.322443 0.477083 0.0198864 0.0708333
0 0.880682 0.535417 0.0284091 0.0875
2 0.315341 0.439583 0.0568182 0.0708333
0 0.761364 0.522917 0.0227273 0.104167
0 0.778409 0.527083 0.0227273 0.104167
2 0.427557 0.483333 0.0767045 0.0916667
2 0.899148 0.447917 0.116477 0.0791667
2 0.633523 0.45625 0.0965909 0.0958333
2 0.90483 0.658333 0.190341 0.166667
2 0.497159 0.835417 0.375 0.2375
