0 0.349432 0.585417 0.0340909 0.129167
2 0.910511 0.45625 0.09375 0.0791667
2 0.424716 0.366667 0.0596591 0.0666667
0 0.302557 0.591667 0.0255682 0.116667
2 0.569602 0.414583 0.09375 0.104167
2 0.400568 0.427083 0.0681818 0.0708333
0 0.427557 0.529167 0.03125 0.1
2 0.350852 0.3625 0.0426136 0.05
0 0.0255682 0.897917 0.0511364 0.195833
2 0.322443 0.491667 0.0823864 0.0916667
0 0.262784 0.741667 0.0426136 0.166667
0 0.129261 0.745833 0.0426136 0.158333
2 0.81108 0.422917 0.09375 0.0625
2 0.572443 0.497917 0.116477 0.1375
2 0.465909 0.652083 0.147727 0.245833
