2 0.318182 0.391667 0.0568182 0.0666667
2 0.31392 0.4375 0.0596591 0.075
2 0.396307 0.40625 0.0539773 0.0625
0 0.170455 0.604167 0.0340909 0.125
2 0.488636 0.429167 0.0681818 0.075
0 0.778409 0.535417 0.0227273 0.0958333
0 0.0965909 0.670833 0.0454545 0.141667
2 0.431818 0.510417 0.0852273 0.120833
0 0.0326705 0.689583 0.0539773 0.1375
2 0.893466 0.445833 0.105114 0.075
2 0.964489 0.870833 0.0710227 0.15
2 0.556818 0.483333 0.0909091 0.0916667
2 0.637784 0.45 0.105114 0.108333
2 0.941761 0.51875 0.116477 0.0875
