2 0.460227 0.35625 0.0511364 0.0541667
2 0.451705 0.402083 0.0625 0.0708333
5 0.576705 0.3375 0.0681818 0.1
2 0.394886 0.366667 0.0454545 0.05
7 0.87358 0.802083 0.252841 0.3875
0 0.177557 0.60625 0.0255682 0.120833
5 0.669034 0.364583 0.139205 0.120833
2 0.302557 0.458333 0.0653409 0.0833333
0 0.0852273 0.70625 0.0397727 0.145833
0 0.120739 0.70625 0.0369318 0.129167
2 0.84517 0.429167 0.127841 0.0833333
2 0.426136 0.527083 0.102273 0.145833
2 0.420455 0.714583 0.176136 0.254167
2 0.545455 0.470833 0.113636 0.125
