2 0.200284 0.383333 0.0426136 0.0583333
2 0.286932 0.345833 0.0340909 0.0416667
2 0.52983 0.35 0.0482955 0.0416667
0 0.755682 0.497917 0.0227273 0.0875
0 0.9375 0.495833 0.0340909 0.0833333
2 0.370739 0.389583 0.0539773 0.0791667
2 0.308239 0.422917 0.0710227 0.0791667
0 0.237216 0.370833 0.0142045 0.05
2 0.414773 0.433333 0.0795455 0.0833333
0 0.735795 0.535417 0.0340909 0.104167
2 0.223011 0.472917 0.0767045 0.120833
2 0.819602 0.454167 0.0994318 0.0833333
2 0.957386 0.78125 0.0852273 0.154167
2 0.572443 0.735417 0.309659 0.204167
