      0/49     10.4G   0.01778   0.01584   0.03252   0.06614        26       640    0.7097         1    0.9373    0.9204   0.02093    0.0301   0.01364
      1/49     10.3G   0.01935   0.01296   0.01796   0.05027        34       640    0.7725         1    0.9005    0.8209   0.02491   0.02193   0.01293
      2/49     10.9G   0.01973  0.009381  0.009167   0.03828        20       640    0.8104    0.8947    0.8784     0.727   0.02878   0.01632   0.01295
      3/49     10.9G   0.02424   0.00863  0.006949   0.03982        32       640     0.769    0.8676    0.8753    0.7574   0.02742   0.01375   0.01289
      4/49     10.9G   0.02276  0.006609  0.004104   0.03347        23       640     0.785    0.7881     0.866    0.7728   0.03274   0.01258   0.01188
      5/49     10.9G   0.02505  0.006783  0.004962    0.0368        22       640      0.72    0.7621    0.8519    0.7037   0.03443   0.01198   0.01304
      6/49     10.9G    0.0255  0.006721  0.004277    0.0365        22       640     0.737    0.8426    0.8833    0.6621   0.03403   0.01234   0.01357
      7/49     10.9G   0.02404  0.006136   0.00339   0.03357        29       640    0.3244    0.9462    0.4489    0.3243    0.0462   0.01133   0.01346
      8/49     10.9G   0.03461  0.005451  0.003952   0.04401        19       640    0.4864    0.8947      0.55    0.3178   0.04289   0.01113   0.01389
      9/49     10.9G   0.03005  0.005888  0.004427   0.04036         8       640      0.79    0.7581    0.8449    0.6351   0.03956   0.01143   0.01282
     10/49       11G   0.03295  0.005094  0.003898   0.04194        15       640     0.402    0.9455    0.4998    0.3977    0.0389   0.01156   0.01161
     11/49       11G   0.02959  0.006127  0.004209   0.03993        16       640    0.2833         1    0.4641    0.3036   0.03946   0.01173   0.01069
     12/49       11G   0.03327  0.005211  0.003329   0.04181        42       640    0.8406    0.3947    0.4538    0.3318   0.04678   0.01109   0.01077
     13/49       11G   0.03035  0.005169  0.003116   0.03864        18       640    0.6928    0.8947    0.8007    0.6566   0.04287   0.01157   0.01032
     14/49       11G   0.03601  0.005253  0.003015   0.04428        20       640    0.2708         1    0.5189     0.329   0.05262   0.01041    0.0101
     15/49       11G   0.03815  0.004254  0.004963   0.04737        20       640    0.8997    0.3158    0.4198    0.3015   0.05392   0.01082   0.01121
     16/49       11G   0.03799  0.004755  0.004871   0.04762        17       640    0.7613    0.2882    0.2619    0.1858   0.07986  0.007855  0.009647
     17/49       11G   0.03462  0.004878  0.004659   0.04416        23       640    0.5885         1    0.8105    0.6297   0.07471  0.007547  0.009141
     18/49       11G    0.0371  0.004902  0.005073   0.04707        24       640    0.2442    0.9224    0.5356    0.4043    0.0755  0.007254    0.0114
     19/49       11G   0.04109  0.004909  0.005286   0.05129        41       640    0.5692    0.8947    0.6188    0.5003   0.06983  0.007673   0.01397
     20/49       11G   0.03735  0.005232  0.006411   0.04899        20       640     0.829    0.7368    0.7942    0.6591   0.07108  0.008156   0.01063
     21/49       11G   0.04019  0.004613  0.006643   0.05145        21       640    0.6883    0.8947    0.7627    0.6324   0.06746  0.009592  0.007291
     22/49       11G   0.03721  0.005137  0.005916   0.04826        16       640    0.7499    0.4211    0.3261     0.265   0.06604  0.009318  0.007576
     23/49       11G   0.04843  0.005468  0.008827   0.06273        27       640     0.606     0.184   0.09918     0.043   0.07933   0.01087   0.01176
     24/49       11G    0.0424    0.0056  0.009366   0.05737        41       640    0.1995   0.05263   0.06765    0.0356    0.0877   0.01086   0.02086
     25/49       11G     0.049  0.006198     0.016    0.0712        15       640    0.5261   0.02612   0.00963  0.002278   0.09506   0.01114   0.02441
     26/49       11G   0.05064  0.006326   0.01814    0.0751        28       640   0.01723   0.05263  0.002398  0.001048   0.09622   0.01249   0.03579
     27/49       11G   0.04974  0.006038   0.01573   0.07151        18       640    0.5435    0.1053   0.02023  0.007243    0.0861   0.01237   0.01469
     28/49       11G   0.04944  0.006347   0.01423   0.07002        22       640    0.5531   0.07895   0.01727  0.004455   0.09834   0.01041    0.0261
     29/49       11G   0.04625  0.006479   0.01342   0.06615        20       640    0.5524    0.1053   0.04489    0.0149   0.09145  0.009917   0.02333
     30/49       11G   0.04698  0.006449    0.0115   0.06493        28       640    0.5673   0.07895   0.04316    0.0287    0.1005  0.008678     0.032
     31/49       11G   0.04727  0.006476   0.00965    0.0634        22       640    0.5399    0.1316    0.0197   0.01022    0.0851   0.01156   0.02093
     32/49       11G   0.04679  0.006644   0.01108   0.06452        25       640    0.5823    0.1579   0.05856   0.03325   0.07933   0.01057   0.01586
     33/49       11G   0.04913  0.006269  0.009401    0.0648        25       640    0.6133    0.1316    0.1102   0.08115      0.08  0.009848   0.01667
     34/49       11G   0.04647  0.006917  0.009463   0.06285        18       640    0.5407    0.1053   0.01906  0.006964   0.08732   0.01142    0.0249
     35/49       11G   0.05315  0.006382  0.008734   0.06827        21       640    0.7489   0.07895   0.06759    0.0379    0.0844  0.009428   0.02183
     36/49       11G   0.04472  0.006094   0.01004   0.06085        31       640     0.749   0.07895   0.05345   0.03332   0.08478  0.009605   0.02094
     37/49       11G   0.04583  0.007165  0.007046   0.06004        25       640    0.5647    0.1842   0.04485    0.0251   0.08076   0.01115   0.01724
     38/49       11G   0.04291  0.005444  0.009113   0.05746        20       640    0.5998    0.1053    0.1398   0.06435   0.07936  0.009634   0.01567
     39/49       11G   0.04898  0.006093  0.009868   0.06494        22       640    0.6578    0.1579    0.1007    0.0708   0.07767   0.01008   0.01773
     40/49       11G   0.04067     0.006  0.009321   0.05599        32       640    0.6359    0.1579   0.06783   0.04054   0.07539   0.01213   0.01647
     41/49       11G   0.04114   0.00642  0.008824   0.05638        11       640    0.5977    0.2368    0.1338   0.08136   0.07142   0.01176   0.01665
     42/49       11G   0.04282  0.007178  0.008383   0.05839        27       640    0.6663    0.1316     0.134   0.09409   0.07118   0.01142   0.01324
     43/49       11G   0.04627  0.006511   0.01029   0.06307        23       640     0.666    0.1316   0.09588    0.0647   0.07734   0.01112  0.009927
     44/49       11G   0.03983  0.006737  0.008264   0.05483        17       640    0.7489    0.1579    0.1412   0.09577   0.07217   0.01102   0.01107
     45/49       11G   0.03721  0.005896   0.00749    0.0506        21       640     0.633    0.3158    0.1532    0.1086    0.0681   0.01096   0.01295
     46/49       11G    0.0437   0.00683  0.008232   0.05877        21       640    0.6295    0.3678    0.1654    0.1134   0.06841   0.01079   0.01263
     47/49       11G   0.03284  0.005775  0.005798   0.04441        35       640    0.7081    0.2632     0.184    0.1355   0.06692   0.01068   0.01231
     48/49       11G   0.04192  0.006441  0.006424   0.05479        14       640    0.7385    0.2895    0.2019    0.1461   0.06544   0.01069   0.01281
     49/49       11G   0.03946  0.005439  0.009154   0.05405        29       640    0.7355    0.2632    0.2085    0.1513   0.06723   0.01105   0.01482
