2 0.082 0.86 0.165 0.279
2 0.172 0.608 0.145 0.167
2 0.236 0.515 0.08 0.104
2 0.28 0.44 0.054 0.071
2 0.288 0.4 0.043 0.033
2 0.308 0.385 0.037 0.054
2 0.322 0.354 0.031 0.042
2 0.634 0.356 0.034 0.029
2 0.615 0.333 0.048 0.042
2 0.58 0.327 0.017 0.029
2 0.335 0.333 0.028 0.025
2 0.503 0.671 0.119 0.167
2 0.411 0.456 0.06 0.071
2 0.51 0.425 0.065 0.067
2 0.511 0.379 0.045 0.033
2 0.445 0.346 0.031 0.033
2 0.433 0.333 0.026 0.033
2 0.412 0.319 0.023 0.021
2 0.916 0.85 0.173 0.3
2 0.635 0.425 0.071 0.058
2 0.523 0.348 0.045 0.046
2 0.487 0.327 0.031 0.037
2 0.533 0.317 0.026 0.025