2 0.082 0.86 0.165 0.279
2 0.172 0.608 0.145 0.167
2 0.236 0.515 0.08 0.104
2 0.28 0.44 0.054 0.071
2 0.288 0.4 0.043 0.033
2 0.308 0.385 0.037 0.054
2 0.322 0.354 0.031 0.042
2 0.634 0.356 0.034 0.029
2 0.615 0.333 0.048 0.042
2 0.58 0.327 0.017 0.029
2 0.335 0.333 0.028 0.025
2 0.396 0.527 0.077 0.096
2 0.386 0.329 0.028 0.025
2 0.584 0.631 0.139 0.146
2 0.464 0.365 0.048 0.046
2 0.433 0.34 0.031 0.029
2 0.439 0.319 0.02 0.021
2 0.724 0.571 0.153 0.133
2 0.55 0.39 0.054 0.054
2 0.506 0.344 0.045 0.037
2 0.953 0.679 0.094 0.125
2 0.537 0.34 0.023 0.029
2 0.554 0.304 0.034 0.025