2 0.082 0.86 0.165 0.279
2 0.172 0.608 0.145 0.167
2 0.236 0.515 0.08 0.104
2 0.28 0.44 0.054 0.071
2 0.288 0.4 0.043 0.033
2 0.308 0.385 0.037 0.054
2 0.322 0.354 0.031 0.042
2 0.338 0.333 0.028 0.025
2 0.634 0.356 0.034 0.029
2 0.615 0.333 0.048 0.042
2 0.58 0.325 0.017 0.025
2 0.646 0.858 0.253 0.275
2 0.433 0.44 0.06 0.062
2 0.419 0.375 0.037 0.033
2 0.398 0.348 0.028 0.029
2 0.392 0.31 0.023 0.021
2 0.447 0.335 0.031 0.029
2 0.428 0.317 0.02 0.025
2 0.727 0.558 0.148 0.125
2 0.541 0.385 0.06 0.046
2 0.477 0.317 0.028 0.025
2 0.639 0.396 0.062 0.058
2 0.574 0.362 0.045 0.042
2 0.544 0.327 0.048 0.037
2 0.499 0.306 0.026 0.021