2 0.192 0.581 0.122 0.163
2 0.223 0.5 0.094 0.083
2 0.283 0.435 0.071 0.071
2 0.287 0.377 0.057 0.037
2 0.327 0.346 0.04 0.05
2 0.622 0.331 0.051 0.029
2 0.436 0.927 0.196 0.146
2 0.398 0.446 0.068 0.075
2 0.402 0.369 0.037 0.046
2 0.393 0.348 0.031 0.037
2 0.732 0.944 0.247 0.113
2 0.591 0.604 0.176 0.25
2 0.584 0.45 0.077 0.067
7 0.487 0.402 0.06 0.071
2 0.455 0.354 0.028 0.042
2 0.433 0.327 0.026 0.037
7 0.984 0.904 0.031 0.192
2 0.541 0.379 0.048 0.05
2 0.501 0.344 0.037 0.037
2 0.484 0.327 0.031 0.037
2 0.619 0.379 0.074 0.067
2 0.545 0.335 0.04 0.037