2 0.192 0.585 0.122 0.163
2 0.223 0.5 0.094 0.083
2 0.372 0.385 0.051 0.062
2 0.287 0.392 0.057 0.067
2 0.327 0.346 0.04 0.05
7 0.403 0.419 0.062 0.079
2 0.264 0.45 0.068 0.067
2 0.381 0.358 0.04 0.033
7 0.385 0.304 0.037 0.075
2 0.457 0.388 0.045 0.042
2 0.447 0.356 0.043 0.037
2 0.443 0.335 0.04 0.029
2 0.53 0.383 0.054 0.058
2 0.516 0.354 0.043 0.033
2 0.504 0.325 0.048 0.058
5 0.598 0.338 0.111 0.108
2 0.658 0.415 0.077 0.054
2 0.676 0.369 0.034 0.037
2 0.158 0.854 0.31 0.292
7 0.832 0.715 0.33 0.512