2 0.082 0.86 0.165 0.279
2 0.172 0.608 0.145 0.167
2 0.236 0.515 0.08 0.104
2 0.28 0.44 0.054 0.071
2 0.288 0.4 0.043 0.033
2 0.308 0.385 0.037 0.054
2 0.322 0.354 0.031 0.042
2 0.338 0.333 0.028 0.025
2 0.634 0.356 0.034 0.029
2 0.615 0.333 0.048 0.042
2 0.438 0.329 0.028 0.025
2 0.479 0.329 0.031 0.025
2 0.562 0.331 0.04 0.021
2 0.52 0.329 0.034 0.025
2 0.389 0.327 0.028 0.029
2 0.639 0.392 0.062 0.05
2 0.581 0.362 0.054 0.042
2 0.406 0.458 0.057 0.075
2 0.528 0.542 0.102 0.1
2 0.886 0.769 0.227 0.221
2 0.547 0.396 0.06 0.05
2 0.473 0.358 0.048 0.042