2 0.192 0.579 0.122 0.15
2 0.223 0.5 0.094 0.083
2 0.287 0.392 0.057 0.067
2 0.327 0.346 0.04 0.05
2 0.264 0.45 0.062 0.067
2 0.114 0.731 0.227 0.287
2 0.571 0.329 0.062 0.067
2 0.388 0.442 0.06 0.067
2 0.396 0.381 0.043 0.046
2 0.375 0.352 0.028 0.037
2 0.391 0.331 0.026 0.029
2 0.507 0.433 0.088 0.125
2 0.455 0.4 0.023 0.067
2 0.452 0.362 0.045 0.05
2 0.426 0.325 0.023 0.025
2 0.588 0.427 0.074 0.087
2 0.496 0.342 0.037 0.025
2 0.479 0.325 0.026 0.025
2 0.768 0.473 0.122 0.087
2 0.655 0.415 0.071 0.062
2 0.585 0.367 0.051 0.033
2 0.531 0.331 0.023 0.029
5 0.516 0.292 0.054 0.058
2 0.626 0.335 0.043 0.037
2 0.649 0.379 0.065 0.033