2 0.192 0.581 0.122 0.163
2 0.223 0.5 0.094 0.083
2 0.283 0.435 0.071 0.071
2 0.287 0.377 0.057 0.037
2 0.354 0.365 0.043 0.054
7 0.352 0.306 0.045 0.054
2 0.622 0.338 0.051 0.042
2 0.401 0.496 0.074 0.083
2 0.403 0.392 0.045 0.092
2 0.51 0.46 0.082 0.087
2 0.473 0.41 0.048 0.054
2 0.463 0.371 0.045 0.05
7 0.435 0.312 0.051 0.067
2 0.619 0.454 0.085 0.075
2 0.544 0.39 0.054 0.062
2 0.714 0.479 0.077 0.083
2 0.622 0.383 0.057 0.05
2 0.551 0.331 0.028 0.029
2 0.506 0.346 0.034 0.042
2 0.48 0.323 0.028 0.029