2 0.082 0.86 0.165 0.279
2 0.172 0.608 0.145 0.167
2 0.236 0.515 0.08 0.104
2 0.28 0.44 0.054 0.071
2 0.288 0.4 0.043 0.033
2 0.308 0.385 0.037 0.054
2 0.322 0.354 0.031 0.042
2 0.338 0.333 0.028 0.025
2 0.634 0.356 0.034 0.029
2 0.615 0.333 0.048 0.042
2 0.58 0.327 0.017 0.029
2 0.398 0.429 0.057 0.058
2 0.413 0.383 0.043 0.042
2 0.375 0.354 0.034 0.033
2 0.597 0.669 0.148 0.163
2 0.496 0.431 0.077 0.071
2 0.457 0.354 0.034 0.033
2 0.423 0.319 0.023 0.021
2 0.524 0.379 0.06 0.05
2 0.47 0.312 0.026 0.025
2 0.923 0.635 0.153 0.146