2 0.082 0.86 0.165 0.279
2 0.172 0.608 0.145 0.167
2 0.236 0.515 0.08 0.104
2 0.28 0.44 0.054 0.071
2 0.288 0.4 0.043 0.033
2 0.308 0.385 0.037 0.054
2 0.322 0.354 0.031 0.042
2 0.634 0.356 0.034 0.029
2 0.615 0.333 0.048 0.042
2 0.58 0.327 0.017 0.029
2 0.335 0.333 0.028 0.025
2 0.392 0.346 0.028 0.025
2 0.703 0.86 0.247 0.279
2 0.497 0.483 0.08 0.092
2 0.477 0.402 0.051 0.062
2 0.45 0.354 0.037 0.033
2 0.428 0.319 0.026 0.021
2 0.743 0.602 0.162 0.138
2 0.5 0.338 0.034 0.033
2 0.474 0.308 0.023 0.025
2 0.947 0.619 0.105 0.129
2 0.717 0.469 0.105 0.079
2 0.565 0.352 0.045 0.037
2 0.514 0.317 0.028 0.025