2 0.192 0.581 0.122 0.163
2 0.223 0.5 0.094 0.083
2 0.283 0.435 0.071 0.071
2 0.287 0.377 0.057 0.037
2 0.33 0.346 0.034 0.05
7 0.364 0.304 0.034 0.058
2 0.622 0.338 0.051 0.042
2 0.415 0.471 0.062 0.083
2 0.393 0.377 0.043 0.046
2 0.395 0.348 0.034 0.021
2 0.612 0.621 0.139 0.192
7 0.524 0.475 0.088 0.117
2 0.491 0.4 0.045 0.058
2 0.457 0.365 0.04 0.046
2 0.908 0.869 0.185 0.263
2 0.695 0.531 0.145 0.154
2 0.564 0.398 0.06 0.054
2 0.516 0.354 0.043 0.042
2 0.483 0.321 0.034 0.025
2 0.609 0.381 0.048 0.046
2 0.558 0.338 0.037 0.033