2 0.082 0.86 0.165 0.279
2 0.172 0.608 0.145 0.167
2 0.236 0.515 0.08 0.104
2 0.28 0.44 0.054 0.071
2 0.288 0.4 0.043 0.033
2 0.308 0.385 0.037 0.054
2 0.322 0.354 0.031 0.042
2 0.634 0.356 0.034 0.029
2 0.615 0.331 0.048 0.037
2 0.58 0.327 0.017 0.029
2 0.335 0.333 0.028 0.025
2 0.393 0.362 0.037 0.05
2 0.672 0.852 0.236 0.287
2 0.479 0.45 0.071 0.075
2 0.445 0.344 0.031 0.029
2 0.435 0.323 0.023 0.021
2 0.759 0.6 0.193 0.167
2 0.557 0.41 0.062 0.054
2 0.487 0.327 0.031 0.029
2 0.699 0.44 0.102 0.071
2 0.599 0.369 0.062 0.054
2 0.557 0.34 0.034 0.029
2 0.504 0.308 0.02 0.025