2 0.192 0.581 0.122 0.163
2 0.223 0.5 0.094 0.083
2 0.283 0.435 0.071 0.071
2 0.287 0.377 0.057 0.037
2 0.325 0.346 0.037 0.05
7 0.365 0.3 0.031 0.05
2 0.622 0.338 0.051 0.042
2 0.408 0.404 0.043 0.058
2 0.395 0.373 0.034 0.046
2 0.683 0.771 0.27 0.383
2 0.571 0.554 0.108 0.158
7 0.521 0.452 0.094 0.096
2 0.489 0.398 0.051 0.054
2 0.457 0.369 0.04 0.046
2 0.582 0.421 0.074 0.067
2 0.543 0.375 0.057 0.058
2 0.511 0.35 0.034 0.033
2 0.494 0.335 0.028 0.029
2 0.756 0.517 0.131 0.133
2 0.656 0.41 0.068 0.062