2 0.31 0.302 0.04 0.046
2 0.3 0.333 0.037 0.042
2 0.315 0.369 0.045 0.054
2 0.327 0.417 0.057 0.075
2 0.311 0.51 0.105 0.138
2 0.307 0.802 0.165 0.271
2 0.365 0.302 0.037 0.037
2 0.374 0.321 0.031 0.042
2 0.399 0.354 0.054 0.058
2 0.419 0.402 0.065 0.071
2 0.45 0.492 0.094 0.1
2 0.536 0.665 0.168 0.188
2 0.679 0.969 0.256 0.054
2 0.402 0.279 0.031 0.033
2 0.428 0.315 0.043 0.037
2 0.459 0.346 0.06 0.058
2 0.494 0.388 0.051 0.083
5 0.719 0.546 0.409 0.458
5 0.479 0.287 0.094 0.075
2 0.489 0.321 0.04 0.033
2 0.947 0.571 0.065 0.133