2 0.192 0.581 0.122 0.163
2 0.223 0.5 0.094 0.083
2 0.283 0.435 0.071 0.071
2 0.287 0.377 0.057 0.037
2 0.327 0.346 0.04 0.05
2 0.416 0.954 0.202 0.092
2 0.398 0.5 0.074 0.092
2 0.384 0.381 0.04 0.046
2 0.388 0.348 0.031 0.029
2 0.391 0.317 0.026 0.025
2 0.751 0.96 0.219 0.079
2 0.656 0.631 0.148 0.154
2 0.474 0.398 0.051 0.054
2 0.445 0.362 0.037 0.05
2 0.438 0.335 0.034 0.037
2 0.83 0.54 0.142 0.104
2 0.595 0.41 0.071 0.062
2 0.509 0.352 0.04 0.046
7 0.594 0.346 0.08 0.075
7 0.483 0.304 0.04 0.067
2 0.547 0.338 0.026 0.033