2 0.082 0.86 0.165 0.279
2 0.172 0.608 0.145 0.167
2 0.236 0.515 0.08 0.104
2 0.28 0.44 0.054 0.071
2 0.288 0.4 0.043 0.033
2 0.308 0.385 0.037 0.054
2 0.322 0.354 0.031 0.042
2 0.636 0.356 0.028 0.029
2 0.615 0.333 0.048 0.042
2 0.58 0.327 0.017 0.029
2 0.335 0.333 0.028 0.025
2 0.423 0.84 0.182 0.287
2 0.402 0.375 0.037 0.033
2 0.509 0.492 0.085 0.083
2 0.47 0.385 0.048 0.046
2 0.433 0.329 0.026 0.025
2 0.516 0.354 0.043 0.033
2 0.474 0.327 0.028 0.021
2 0.597 0.365 0.057 0.046
2 0.52 0.327 0.034 0.029
2 0.543 0.321 0.017 0.017