2 0.315 0.323 0.04 0.046
2 0.366 0.312 0.04 0.033
2 0.381 0.329 0.04 0.042
2 0.412 0.308 0.04 0.033
2 0.415 0.346 0.062 0.042
2 0.456 0.365 0.065 0.062
2 0.503 0.323 0.062 0.062
2 0.528 0.354 0.068 0.058
2 0.315 0.344 0.045 0.046
2 0.325 0.371 0.048 0.05
2 0.52 0.402 0.085 0.079
2 0.612 0.392 0.082 0.067
2 0.659 0.433 0.097 0.075
2 0.589 0.479 0.139 0.133
2 0.396 0.398 0.06 0.062
2 0.449 0.477 0.091 0.104
2 0.29 0.581 0.114 0.163
2 0.48 0.681 0.182 0.196
2 0.737 0.66 0.224 0.212
2 0.787 0.519 0.159 0.113
2 0.382 0.981 0.168 0.029
2 0.916 0.865 0.162 0.263
2 0.964 0.725 0.065 0.083