2 0.082 0.86 0.165 0.279
2 0.172 0.608 0.145 0.167
2 0.236 0.515 0.08 0.104
2 0.28 0.44 0.054 0.071
2 0.288 0.4 0.043 0.033
2 0.308 0.385 0.037 0.054
2 0.322 0.354 0.031 0.042
2 0.338 0.333 0.028 0.025
2 0.634 0.356 0.034 0.029
2 0.615 0.333 0.048 0.042
2 0.58 0.327 0.017 0.029
2 0.384 0.473 0.062 0.087
2 0.396 0.356 0.037 0.037
2 0.362 0.342 0.026 0.025
2 0.882 0.975 0.207 0.05
2 0.545 0.525 0.097 0.108
2 0.47 0.385 0.043 0.037
2 0.445 0.338 0.031 0.033
2 0.429 0.323 0.023 0.021
2 0.469 0.325 0.028 0.025
2 0.699 0.546 0.125 0.108
2 0.54 0.367 0.045 0.042
2 0.764 0.483 0.114 0.083
2 0.565 0.342 0.04 0.033