2 0.082 0.86 0.165 0.279
2 0.172 0.608 0.145 0.167
2 0.236 0.515 0.08 0.104
2 0.28 0.44 0.054 0.071
2 0.288 0.4 0.043 0.033
2 0.308 0.385 0.037 0.054
2 0.322 0.354 0.031 0.042
2 0.634 0.356 0.034 0.029
2 0.615 0.333 0.048 0.042
2 0.58 0.327 0.017 0.029
2 0.335 0.333 0.028 0.025
2 0.406 0.354 0.034 0.033
7 0.391 0.296 0.037 0.058
2 0.503 0.483 0.074 0.083
2 0.462 0.385 0.043 0.046
2 0.443 0.333 0.028 0.033
2 0.577 0.423 0.08 0.071
2 0.499 0.333 0.031 0.033
2 0.743 0.463 0.116 0.092
2 0.551 0.335 0.034 0.029
2 0.51 0.317 0.02 0.025