2 0.082 0.86 0.165 0.279
2 0.172 0.608 0.145 0.167
2 0.236 0.515 0.08 0.104
2 0.28 0.44 0.054 0.071
2 0.288 0.4 0.043 0.033
2 0.308 0.385 0.037 0.054
2 0.322 0.354 0.031 0.042
2 0.338 0.333 0.028 0.025
2 0.634 0.356 0.034 0.029
2 0.615 0.333 0.048 0.042
2 0.58 0.327 0.017 0.029
2 0.392 0.517 0.074 0.092
2 0.381 0.356 0.028 0.029
2 0.408 0.333 0.026 0.033
2 0.388 0.31 0.02 0.029
2 0.55 0.642 0.139 0.158
2 0.509 0.467 0.08 0.075
5 0.452 0.335 0.051 0.062
2 0.642 0.504 0.108 0.1
2 0.548 0.392 0.062 0.05
2 0.493 0.331 0.031 0.037
2 0.562 0.354 0.04 0.033
2 0.524 0.327 0.031 0.029