2 0.192 0.56 0.122 0.113
2 0.223 0.5 0.094 0.083
2 0.287 0.392 0.057 0.067
2 0.327 0.346 0.04 0.05
2 0.264 0.45 0.062 0.067
2 0.138 0.771 0.276 0.317
2 0.638 0.362 0.094 0.1
2 0.391 0.569 0.094 0.113
2 0.376 0.448 0.06 0.062
2 0.393 0.402 0.048 0.054
2 0.388 0.36 0.037 0.029
2 0.392 0.338 0.028 0.025
2 0.696 0.85 0.267 0.3
2 0.57 0.604 0.128 0.133
2 0.506 0.481 0.08 0.087
2 0.472 0.402 0.057 0.054
2 0.453 0.36 0.048 0.054
2 0.43 0.325 0.026 0.025
2 0.827 0.683 0.227 0.175
2 0.625 0.494 0.108 0.087
2 0.565 0.417 0.068 0.058
7 0.51 0.335 0.06 0.062
2 0.899 0.602 0.196 0.138
2 0.798 0.494 0.114 0.087
2 0.672 0.427 0.077 0.062
2 0.568 0.358 0.045 0.042