2 0.082 0.86 0.165 0.279
2 0.172 0.608 0.145 0.167
2 0.236 0.515 0.08 0.104
2 0.28 0.44 0.054 0.071
2 0.288 0.4 0.043 0.033
2 0.308 0.385 0.037 0.054
2 0.322 0.354 0.031 0.042
2 0.636 0.35 0.028 0.017
2 0.615 0.333 0.048 0.042
2 0.58 0.327 0.017 0.029
2 0.335 0.333 0.028 0.025
2 0.42 0.613 0.102 0.142
2 0.398 0.342 0.028 0.033
2 0.507 0.473 0.077 0.096
2 0.497 0.4 0.057 0.058
2 0.445 0.346 0.031 0.025
2 0.435 0.323 0.023 0.021
2 0.544 0.365 0.06 0.054
2 0.496 0.34 0.037 0.029
2 0.469 0.308 0.023 0.025
2 0.96 0.562 0.08 0.108
2 0.615 0.379 0.06 0.058
2 0.528 0.321 0.023 0.017