2 0.192 0.579 0.122 0.15
2 0.223 0.5 0.094 0.083
2 0.287 0.392 0.057 0.067
2 0.327 0.346 0.04 0.05
2 0.264 0.45 0.062 0.067
2 0.114 0.731 0.227 0.287
2 0.571 0.331 0.062 0.071
2 0.386 0.469 0.068 0.079
2 0.396 0.4 0.043 0.05
2 0.374 0.367 0.031 0.033
2 0.391 0.333 0.031 0.033
2 0.517 0.452 0.097 0.138
2 0.466 0.408 0.034 0.058
2 0.457 0.371 0.045 0.05
2 0.435 0.333 0.028 0.033
2 0.607 0.442 0.077 0.1
2 0.518 0.362 0.043 0.033
2 0.496 0.346 0.037 0.033
2 0.479 0.327 0.026 0.029
2 0.793 0.49 0.136 0.087
2 0.661 0.417 0.071 0.067
2 0.649 0.377 0.06 0.037
2 0.584 0.369 0.06 0.037
2 0.531 0.329 0.017 0.025
5 0.518 0.294 0.054 0.062
2 0.624 0.335 0.043 0.037