2 0.082 0.86 0.165 0.279
2 0.172 0.608 0.145 0.167
2 0.236 0.515 0.08 0.104
2 0.28 0.44 0.054 0.071
2 0.288 0.4 0.043 0.033
2 0.308 0.385 0.037 0.054
2 0.322 0.354 0.031 0.042
2 0.634 0.356 0.034 0.029
2 0.615 0.333 0.048 0.042
2 0.58 0.327 0.017 0.029
2 0.335 0.333 0.028 0.025
2 0.402 0.485 0.071 0.096
2 0.81 0.906 0.33 0.188
2 0.545 0.552 0.108 0.113
2 0.489 0.412 0.057 0.05
2 0.439 0.356 0.037 0.029
2 0.439 0.329 0.031 0.025
2 0.866 0.708 0.267 0.292
2 0.639 0.487 0.114 0.092
2 0.51 0.352 0.043 0.037
2 0.486 0.327 0.028 0.021
2 0.962 0.56 0.077 0.104
2 0.597 0.367 0.051 0.025
2 0.531 0.329 0.028 0.025