2 0.192 0.581 0.122 0.163
2 0.223 0.5 0.094 0.083
2 0.283 0.435 0.071 0.071
2 0.287 0.377 0.057 0.037
2 0.327 0.346 0.04 0.05
2 0.622 0.335 0.051 0.037
2 0.396 0.606 0.111 0.154
2 0.405 0.388 0.037 0.05
2 0.393 0.356 0.037 0.037
2 0.672 0.746 0.264 0.375
2 0.571 0.55 0.102 0.158
7 0.511 0.454 0.085 0.1
2 0.473 0.377 0.048 0.054
2 0.449 0.348 0.034 0.037
2 0.622 0.458 0.085 0.083
2 0.54 0.379 0.057 0.058
2 0.513 0.35 0.037 0.05
2 0.483 0.323 0.028 0.029
2 0.815 0.506 0.176 0.146
2 0.611 0.383 0.068 0.058
2 0.555 0.34 0.048 0.046