2 0.192 0.579 0.122 0.15
2 0.223 0.5 0.094 0.083
2 0.287 0.392 0.057 0.067
2 0.327 0.346 0.04 0.05
2 0.264 0.45 0.062 0.067
2 0.114 0.731 0.227 0.287
2 0.584 0.338 0.065 0.075
2 0.413 0.656 0.116 0.163
2 0.402 0.483 0.065 0.083
2 0.374 0.417 0.048 0.058
2 0.392 0.375 0.04 0.033
2 0.382 0.34 0.026 0.029
2 0.544 0.502 0.122 0.179
2 0.477 0.446 0.04 0.067
2 0.467 0.398 0.048 0.062
2 0.452 0.352 0.034 0.037
2 0.433 0.338 0.026 0.025
2 0.426 0.317 0.028 0.033
2 0.697 0.558 0.173 0.15
2 0.601 0.446 0.071 0.075
2 0.53 0.379 0.048 0.05
2 0.503 0.36 0.028 0.037
2 0.484 0.338 0.026 0.025
7 0.472 0.302 0.04 0.046
2 0.938 0.629 0.125 0.15
2 0.737 0.479 0.111 0.083
2 0.689 0.412 0.077 0.058
2 0.604 0.379 0.06 0.042
2 0.537 0.335 0.023 0.029
5 0.518 0.294 0.06 0.054
2 0.636 0.34 0.034 0.046