2 0.192 0.585 0.122 0.163
2 0.223 0.5 0.094 0.083
2 0.287 0.392 0.057 0.067
2 0.327 0.346 0.04 0.05
2 0.264 0.45 0.062 0.067
2 0.107 0.817 0.213 0.35
2 0.399 0.66 0.116 0.163
2 0.395 0.448 0.062 0.087
7 0.388 0.367 0.037 0.05
2 0.365 0.338 0.031 0.033
2 0.795 0.975 0.21 0.05
2 0.615 0.731 0.179 0.204
2 0.521 0.515 0.094 0.104
2 0.486 0.41 0.074 0.079
2 0.455 0.381 0.04 0.046
2 0.435 0.344 0.034 0.037
2 0.771 0.646 0.19 0.15
7 0.625 0.433 0.131 0.15
7 0.55 0.369 0.094 0.104
2 0.49 0.342 0.031 0.042
2 0.859 0.54 0.145 0.104
2 0.723 0.454 0.065 0.075
2 0.659 0.362 0.108 0.092