2 0.192 0.581 0.122 0.163
2 0.223 0.5 0.094 0.083
2 0.283 0.435 0.071 0.071
2 0.287 0.377 0.057 0.037
2 0.354 0.354 0.043 0.05
7 0.358 0.306 0.034 0.054
2 0.622 0.338 0.051 0.042
2 0.413 0.654 0.111 0.158
2 0.398 0.398 0.045 0.054
2 0.402 0.333 0.026 0.058
7 0.734 0.838 0.321 0.317
2 0.575 0.562 0.116 0.117
2 0.499 0.444 0.065 0.071
2 0.472 0.4 0.045 0.042
2 0.452 0.371 0.034 0.033
2 0.443 0.346 0.034 0.033
2 0.964 0.902 0.065 0.179
2 0.749 0.573 0.156 0.138
2 0.626 0.46 0.094 0.079
2 0.548 0.394 0.057 0.046
2 0.518 0.362 0.037 0.033
2 0.486 0.323 0.028 0.029
2 0.658 0.406 0.077 0.054
2 0.585 0.36 0.045 0.037
2 0.53 0.323 0.031 0.029