2 0.192 0.581 0.122 0.163
2 0.223 0.5 0.094 0.083
2 0.283 0.435 0.071 0.071
2 0.287 0.377 0.057 0.037
2 0.341 0.346 0.04 0.05
7 0.359 0.306 0.031 0.054
2 0.622 0.338 0.051 0.042
2 0.395 0.388 0.045 0.05
2 0.396 0.348 0.031 0.029
2 0.817 0.887 0.344 0.225
7 0.609 0.633 0.179 0.217
2 0.523 0.469 0.08 0.087
2 0.472 0.392 0.045 0.05
2 0.453 0.358 0.031 0.033
2 0.442 0.338 0.026 0.025
2 0.969 0.919 0.062 0.146
2 0.72 0.562 0.145 0.125
2 0.577 0.419 0.068 0.062
2 0.531 0.369 0.045 0.046
2 0.493 0.34 0.031 0.037
2 0.915 0.619 0.165 0.154
2 0.625 0.388 0.062 0.05
2 0.524 0.321 0.026 0.033