2 0.390625 0.479167 0.0767045 0.133333
2 0.502841 0.31875 0.0340909 0.0291667
2 0.701705 0.408333 0.0909091 0.0666667
2 0.4375 0.370833 0.0625 0.075
2 0.43892 0.447917 0.0596591 0.0791667
2 0.480114 0.358333 0.0454545 0.05
2 0.302557 0.458333 0.0653409 0.0833333
2 0.553977 0.358333 0.0625 0.05
2 0.384943 0.329167 0.0369318 0.0416667
2 0.487216 0.429167 0.0767045 0.0916667
2 0.294034 0.408333 0.0482955 0.0416667
2 0.65767 0.475 0.139205 0.133333
2 0.84517 0.429167 0.127841 0.0833333
2 0.5625 0.497917 0.113636 0.129167
2 0.37358 0.395833 0.0539773 0.0583333
