2 0.910511 0.472917 0.133523 0.0875
7 0.426136 0.372917 0.0681818 0.0958333
2 0.309659 0.497917 0.0681818 0.0791667
2 0.382102 0.34375 0.03125 0.0375
5 0.443182 0.741667 0.880682 0.516667
2 0.545455 0.408333 0.0625 0.075
2 0.522727 0.464583 0.0852273 0.104167
2 0.288352 0.358333 0.0482955 0.0666667
2 0.40767 0.479167 0.0767045 0.108333
2 0.473011 0.422917 0.0596591 0.0708333
2 0.616477 0.45625 0.102273 0.0958333
2 0.565341 0.345833 0.0511364 0.0416667
2 0.384943 0.4125 0.0596591 0.0666667
2 0.504261 0.375 0.0539773 0.0583333
