2 0.325284 0.5 0.0823864 0.116667
2 0.349432 0.308333 0.0340909 0.0416667
2 0.275568 0.320833 0.0284091 0.0416667
2 0.326705 0.347917 0.0284091 0.0458333
2 0.389205 0.339583 0.0397727 0.0458333
2 0.5 0.375 0.0625 0.0583333
7 0.431818 0.310417 0.0681818 0.0958333
2 0.815341 0.420833 0.102273 0.0583333
7 0.649148 0.4375 0.167614 0.191667
2 0.46875 0.4125 0.0681818 0.0666667
2 0.81108 0.91875 0.292614 0.1625
2 0.56392 0.5 0.105114 0.125
2 0.397727 0.435417 0.0681818 0.0791667
2 0.464489 0.525 0.105114 0.141667
2 0.353693 0.370833 0.0482955 0.0583333
