2 0.534091 0.397917 0.0738636 0.0791667
2 0.471591 0.425 0.0681818 0.0833333
2 0.359375 0.383333 0.0426136 0.05
2 0.34517 0.347917 0.0426136 0.0541667
2 0.302557 0.458333 0.0653409 0.0833333
2 0.294034 0.410417 0.0482955 0.0458333
2 0.944602 0.7625 0.110795 0.191667
2 0.410511 0.36875 0.0426136 0.0541667
2 0.441761 0.391667 0.0482955 0.0666667
2 0.421875 0.472917 0.0880682 0.129167
2 0.846591 0.43125 0.125 0.0875
2 0.53267 0.485417 0.0994318 0.120833
2 0.615057 0.458333 0.09375 0.0916667
2 0.372159 0.41875 0.0511364 0.0875
