2 0.663352 0.414583 0.105114 0.0791667
2 0.901989 0.460417 0.127841 0.0791667
2 0.325284 0.497917 0.0823864 0.1125
2 0.522727 0.460417 0.107955 0.120833
2 0.475852 0.360417 0.0426136 0.0458333
2 0.509943 0.385417 0.0596591 0.0458333
2 0.507102 0.329167 0.0369318 0.0333333
2 0.8125 0.422917 0.0965909 0.0625
2 0.620739 0.464583 0.0994318 0.0958333
2 0.454545 0.408333 0.0568182 0.0583333
2 0.555398 0.416667 0.0596591 0.0583333
2 0.434659 0.475 0.0852273 0.125
2 0.413352 0.366667 0.0482955 0.0666667
