2 0.478693 0.347917 0.0482955 0.0541667
2 0.296875 0.36875 0.0369318 0.0458333
2 0.683239 0.40625 0.0823864 0.0625
2 0.421875 0.3625 0.0369318 0.0416667
2 0.488636 0.427083 0.0681818 0.0708333
2 0.629261 0.458333 0.09375 0.1
2 0.428977 0.48125 0.0738636 0.104167
2 0.548295 0.477083 0.0909091 0.0958333
2 0.446023 0.383333 0.0511364 0.0583333
2 0.403409 0.429167 0.0625 0.0833333
2 0.3125 0.439583 0.0625 0.0708333
2 0.511364 0.375 0.0511364 0.05
2 0.316761 0.391667 0.0539773 0.0666667
2 0.731534 0.7625 0.315341 0.208333
