2 0.588068 0.364583 0.0568182 0.0458333
2 0.340909 0.329167 0.0340909 0.0333333
2 0.197443 0.339583 0.03125 0.0375
2 0.528409 0.35 0.0454545 0.0333333
2 0.644886 0.39375 0.0738636 0.0541667
2 0.714489 0.420833 0.0823864 0.0583333
2 0.816761 0.464583 0.116477 0.0625
2 0.302557 0.335417 0.0369318 0.0375
2 0.22017 0.452083 0.0653409 0.0875
2 0.198864 0.38125 0.0397727 0.0458333
2 0.519886 0.49375 0.102273 0.120833
2 0.410511 0.577083 0.116477 0.1375
2 0.877841 0.88125 0.244318 0.2375
2 0.761364 0.608333 0.181818 0.175
