2 0.228693 0.508333 0.0767045 0.108333
2 0.589489 0.366667 0.0653409 0.05
2 0.197443 0.34375 0.03125 0.0291667
2 0.714489 0.41875 0.0823864 0.0625
2 0.900568 0.5375 0.1875 0.1
2 0.22017 0.447917 0.0653409 0.0791667
2 0.821023 0.4625 0.130682 0.0666667
2 0.386364 0.33125 0.0340909 0.0375
2 0.53125 0.345833 0.0511364 0.0333333
2 0.643466 0.391667 0.0653409 0.05
2 0.53125 0.397917 0.0852273 0.0875
2 0.765625 0.620833 0.105114 0.15
2 0.340909 0.477083 0.0852273 0.1125
2 0.200284 0.383333 0.0426136 0.05
2 0.539773 0.479167 0.102273 0.1
2 0.917614 0.710417 0.164773 0.2125
2 0.828125 0.954167 0.332386 0.0916667
