7 0.109375 0.935417 0.196023 0.120833
2 0.738636 0.395833 0.0852273 0.0583333
2 0.288352 0.347917 0.0426136 0.0458333
2 0.504261 0.45625 0.0823864 0.1125
2 0.455966 0.420833 0.0539773 0.0666667
2 0.3125 0.45 0.0625 0.075
2 0.363636 0.39375 0.0511364 0.0541667
2 0.926136 0.45625 0.147727 0.1125
2 0.446023 0.497917 0.107955 0.1125
2 0.289773 0.391667 0.0511364 0.0666667
2 0.390625 0.43125 0.0653409 0.0708333
2 0.474432 0.945833 0.397727 0.108333
2 0.100852 0.808333 0.196023 0.166667
2 0.883523 0.9 0.232955 0.2
