2 0.484375 0.35 0.0426136 0.05
2 0.296875 0.36875 0.0369318 0.0458333
2 0.387784 0.38125 0.0482955 0.0541667
2 0.899148 0.452083 0.116477 0.0791667
2 0.421875 0.3625 0.0369318 0.0416667
2 0.487216 0.427083 0.0653409 0.0708333
2 0.629261 0.458333 0.09375 0.1
2 0.444602 0.383333 0.0482955 0.0583333
2 0.548295 0.477083 0.0909091 0.0958333
2 0.428977 0.483333 0.0738636 0.1
2 0.512784 0.377083 0.0482955 0.0541667
2 0.316761 0.391667 0.0539773 0.0666667
2 0.403409 0.427083 0.0625 0.0791667
2 0.31392 0.441667 0.0596591 0.075
