2 0.34233 0.30625 0.03125 0.0375
2 0.609375 0.372917 0.0767045 0.0625
2 0.363636 0.341667 0.0397727 0.0333333
2 0.424716 0.370833 0.0426136 0.05
2 0.823864 0.43125 0.0909091 0.0791667
2 0.308239 0.510417 0.0767045 0.1125
2 0.71733 0.389583 0.0710227 0.0625
2 0.441761 0.335417 0.0426136 0.0375
2 0.909091 0.46875 0.125 0.0875
2 0.522727 0.391667 0.0625 0.0583333
2 0.545455 0.48125 0.113636 0.129167
2 0.43892 0.4875 0.0880682 0.116667
2 0.291193 0.358333 0.0482955 0.0666667
2 0.453125 0.408333 0.0710227 0.0583333
2 0.75 0.55 0.153409 0.133333
2 0.821023 0.777083 0.255682 0.2625
