2 0.588068 0.364583 0.0568182 0.0458333
2 0.713068 0.41875 0.0795455 0.0708333
2 0.52983 0.347917 0.0482955 0.0375
2 0.230114 0.5125 0.0795455 0.0916667
2 0.643466 0.39375 0.0767045 0.0541667
2 0.569602 0.410417 0.0880682 0.0708333
2 0.471591 0.35 0.0454545 0.0416667
2 0.917614 0.535417 0.164773 0.0958333
2 0.22017 0.447917 0.0653409 0.0791667
2 0.815341 0.464583 0.119318 0.0708333
2 0.340909 0.475 0.0852273 0.116667
2 0.698864 0.5125 0.113636 0.108333
2 0.198864 0.383333 0.0397727 0.05
2 0.538352 0.479167 0.105114 0.1
2 0.899148 0.89375 0.201705 0.2125
2 0.272727 0.875 0.363636 0.225
