2 0.399148 0.354167 0.0482955 0.0583333
2 0.53125 0.35625 0.0511364 0.0458333
2 0.359375 0.3875 0.0426136 0.0416667
2 0.451705 0.345833 0.0397727 0.0416667
2 0.504261 0.435417 0.0767045 0.0791667
2 0.505682 0.504167 0.0795455 0.116667
2 0.292614 0.408333 0.0454545 0.0416667
2 0.582386 0.4375 0.0852273 0.0833333
2 0.302557 0.45625 0.0653409 0.0875
2 0.846591 0.43125 0.125 0.0875
2 0.410511 0.458333 0.0767045 0.108333
2 0.677557 0.489583 0.110795 0.120833
2 0.478693 0.36875 0.0482955 0.0458333
2 0.519886 0.391667 0.0625 0.0583333
2 0.383523 0.40625 0.0511364 0.0625
