2 0.296875 0.439583 0.0539773 0.0541667
2 0.634943 0.354167 0.0596591 0.05
2 0.43892 0.339583 0.0426136 0.0375
2 0.919034 0.477083 0.122159 0.0875
2 0.296875 0.389583 0.0482955 0.0541667
7 0.346591 0.341667 0.0568182 0.0833333
2 0.31108 0.508333 0.0823864 0.141667
2 0.774148 0.408333 0.09375 0.0583333
2 0.889205 0.60625 0.221591 0.154167
2 0.369318 0.395833 0.0397727 0.0583333
7 0.525568 0.375 0.0965909 0.133333
2 0.59517 0.45 0.09375 0.0833333
2 0.464489 0.360417 0.03125 0.0458333
2 0.409091 0.45 0.0681818 0.0833333
2 0.738636 0.433333 0.0965909 0.075
2 0.478693 0.595833 0.122159 0.15
2 0.90767 0.852083 0.178977 0.2875
2 0.605114 0.558333 0.130682 0.133333
