2 0.34375 0.335417 0.0284091 0.0291667
2 0.4375 0.3375 0.0397727 0.0416667
2 0.519886 0.391667 0.0568182 0.0583333
2 0.399148 0.354167 0.0482955 0.0583333
2 0.292614 0.414583 0.0511364 0.0541667
2 0.355114 0.38125 0.0511364 0.0458333
2 0.580966 0.435417 0.0880682 0.0875
2 0.475852 0.41875 0.0653409 0.0708333
2 0.302557 0.458333 0.0653409 0.0833333
2 0.846591 0.43125 0.125 0.0875
2 0.518466 0.475 0.0710227 0.0916667
2 0.9375 0.53125 0.125 0.104167
2 0.410511 0.458333 0.0767045 0.108333
2 0.477273 0.3625 0.0511364 0.05
2 0.678977 0.489583 0.113636 0.120833
2 0.805398 0.758333 0.366477 0.266667
2 0.382102 0.40625 0.0482955 0.0541667
