2 0.673295 0.366667 0.0568182 0.05
2 0.346591 0.347917 0.0340909 0.0458333
2 0.738636 0.395833 0.0795455 0.0583333
2 0.413352 0.366667 0.0482955 0.0666667
2 0.401989 0.454167 0.0767045 0.116667
2 0.829545 0.429167 0.107955 0.0833333
2 0.286932 0.347917 0.0454545 0.0458333
2 0.3125 0.452083 0.0625 0.0791667
2 0.49858 0.4375 0.105114 0.133333
2 0.289773 0.395833 0.0511364 0.0666667
2 0.81392 0.74375 0.144886 0.220833
2 0.362216 0.383333 0.0596591 0.075
2 0.440341 0.404167 0.0454545 0.0666667
2 0.916193 0.535417 0.167614 0.129167
