2 0.197443 0.339583 0.03125 0.0375
2 0.697443 0.408333 0.110795 0.0833333
2 0.228693 0.50625 0.0767045 0.1125
2 0.478693 0.358333 0.0482955 0.0583333
2 0.588068 0.364583 0.0568182 0.0458333
2 0.22017 0.447917 0.0653409 0.0791667
2 0.52983 0.347917 0.0482955 0.0375
2 0.816761 0.464583 0.122159 0.0708333
2 0.96733 0.552083 0.0653409 0.0708333
2 0.644886 0.447917 0.107955 0.0708333
2 0.0965909 0.889583 0.193182 0.220833
2 0.340909 0.477083 0.0852273 0.1125
2 0.198864 0.383333 0.0397727 0.05
2 0.538352 0.48125 0.105114 0.0958333
2 0.745739 0.558333 0.105114 0.125
2 0.879261 0.710417 0.241477 0.179167
2 0.866477 0.914583 0.267045 0.170833
