2 0.34375 0.325 0.0284091 0.0333333
7 0.47017 0.295833 0.0880682 0.0916667
2 0.410511 0.316667 0.0369318 0.0416667
2 0.278409 0.325 0.0284091 0.0333333
7 0.583807 0.508333 0.173295 0.208333
2 0.65483 0.472917 0.0596591 0.0875
2 0.53267 0.347917 0.0426136 0.0458333
2 0.453125 0.339583 0.0482955 0.0458333
7 0.650568 0.385417 0.113636 0.120833
2 0.284091 0.366667 0.0397727 0.05
2 0.362216 0.720833 0.150568 0.258333
2 0.90767 0.50625 0.178977 0.120833
2 0.505682 0.375 0.0625 0.0583333
2 0.754261 0.895833 0.269886 0.208333
2 0.419034 0.372917 0.0482955 0.0541667
