2 0.34233 0.370833 0.0426136 0.0583333
2 0.377841 0.327083 0.0340909 0.0375
2 0.821023 0.4625 0.113636 0.0666667
2 0.53125 0.35 0.0511364 0.0416667
2 0.224432 0.472917 0.0681818 0.1125
2 0.28267 0.39375 0.0482955 0.0541667
2 0.340909 0.46875 0.0795455 0.0958333
2 0.599432 0.43125 0.0909091 0.0791667
2 0.198864 0.383333 0.0397727 0.05
2 0.410511 0.4375 0.0767045 0.0833333
2 0.302557 0.420833 0.0596591 0.075
2 0.542614 0.4625 0.0965909 0.1
2 0.447443 0.397917 0.0653409 0.0708333
2 0.37358 0.397917 0.0539773 0.0708333
