2 0.340909 0.366667 0.0340909 0.0416667
2 0.363636 0.3875 0.0454545 0.0416667
2 0.409091 0.460417 0.0738636 0.104167
2 0.400568 0.35625 0.0454545 0.0541667
2 0.453125 0.345833 0.0426136 0.0416667
2 0.294034 0.408333 0.0482955 0.0416667
2 0.505682 0.504167 0.0795455 0.116667
2 0.480114 0.364583 0.0454545 0.0458333
2 0.84517 0.429167 0.122159 0.0833333
2 0.302557 0.458333 0.0653409 0.0833333
2 0.480114 0.422917 0.0681818 0.0708333
2 0.582386 0.435417 0.0852273 0.0875
2 0.522727 0.39375 0.0625 0.0625
2 0.825284 0.4875 0.144886 0.0916667
2 0.677557 0.489583 0.110795 0.120833
2 0.382102 0.408333 0.0539773 0.0583333
2 0.808239 0.791667 0.349432 0.208333
