2 0.306818 0.3375 0.0397727 0.0416667
2 0.428977 0.364583 0.0454545 0.0541667
2 0.897727 0.45 0.107955 0.0833333
2 0.431818 0.508333 0.0795455 0.133333
2 0.295455 0.370833 0.0340909 0.0416667
2 0.455966 0.395833 0.0482955 0.0666667
2 0.965909 0.8875 0.0681818 0.191667
2 0.56108 0.402083 0.0653409 0.0625
2 0.31108 0.439583 0.0596591 0.0708333
2 0.490057 0.433333 0.0653409 0.075
2 0.396307 0.408333 0.0539773 0.0666667
2 0.555398 0.48125 0.0880682 0.104167
2 0.637784 0.452083 0.105114 0.1125
2 0.318182 0.391667 0.0511364 0.0666667
2 0.943182 0.520833 0.113636 0.1
