2 0.323864 0.322917 0.0340909 0.0458333
2 0.617898 0.379167 0.0653409 0.05
2 0.399148 0.354167 0.0482955 0.0583333
2 0.670455 0.425 0.102273 0.075
2 0.555398 0.347917 0.0539773 0.0375
2 0.512784 0.322917 0.0369318 0.0375
2 0.413352 0.464583 0.0767045 0.104167
2 0.482955 0.360417 0.0454545 0.0541667
2 0.302557 0.458333 0.0653409 0.0833333
2 0.350852 0.345833 0.0369318 0.0416667
2 0.294034 0.408333 0.0482955 0.0416667
2 0.59233 0.441667 0.09375 0.1
2 0.846591 0.429167 0.125 0.0833333
2 0.524148 0.39375 0.0653409 0.0541667
2 0.492898 0.529167 0.09375 0.125
2 0.680398 0.491667 0.110795 0.116667
2 0.454545 0.408333 0.0795455 0.0833333
2 0.383523 0.4125 0.0511364 0.0583333
2 0.514205 0.445833 0.0852273 0.0916667
2 0.357955 0.383333 0.0454545 0.0583333
