2 0.576705 0.345833 0.0625 0.1
2 0.660511 0.28125 0.03125 0.0291667
2 0.730114 0.395833 0.0738636 0.0916667
2 0.616477 0.283333 0.0284091 0.0333333
2 0.477273 0.33125 0.0454545 0.0541667
2 0.659091 0.447917 0.0681818 0.104167
2 0.519886 0.34375 0.0454545 0.0541667
5 0.278409 0.397917 0.261364 0.220833
2 0.661932 0.31875 0.0397727 0.0458333
2 0.711648 0.29375 0.0369318 0.0375
2 0.508523 0.510417 0.102273 0.154167
2 0.0724432 0.910417 0.144886 0.179167
2 0.296875 0.614583 0.161932 0.204167
2 0.421875 0.447917 0.110795 0.154167
2 0.28125 0.50625 0.125 0.120833
2 0.409091 0.75 0.1875 0.266667
