2 0.559659 0.291667 0.0284091 0.0416667
2 0.335227 0.75625 0.3125 0.454167
7 0.602273 0.3 0.0625 0.125
2 0.646307 0.595833 0.127841 0.258333
2 0.549716 0.447917 0.0823864 0.1125
2 0.511364 0.541667 0.0909091 0.166667
2 0.411932 0.375 0.0681818 0.075
2 0.576705 0.372917 0.0625 0.0791667
2 0.663352 0.39375 0.0539773 0.0875
2 0.53267 0.325 0.0482955 0.05
2 0.491477 0.38125 0.0625 0.0708333
2 0.421875 0.470833 0.0994318 0.116667
2 0.0454545 0.5625 0.0909091 0.133333
2 0.285511 0.627083 0.15625 0.195833
2 0.667614 0.329167 0.0340909 0.0416667
2 0.860795 0.741667 0.176136 0.333333
2 0.465909 0.3375 0.0511364 0.0583333
2 0.289773 0.4875 0.125 0.125
