2 0.572443 0.427083 0.0653409 0.0958333
2 0.377841 0.425 0.0965909 0.1
2 0.444602 0.433333 0.0767045 0.1
2 0.660511 0.49375 0.0767045 0.1125
2 0.603693 0.341667 0.0369318 0.05
2 0.616477 0.314583 0.0340909 0.0458333
2 0.771307 0.5 0.09375 0.133333
2 0.173295 0.616667 0.176136 0.183333
2 0.582386 0.375 0.0511364 0.0583333
2 0.676136 0.625 0.113636 0.175
7 0.509943 0.345833 0.0880682 0.125
2 0.401989 0.525 0.09375 0.141667
2 0.0610795 0.602083 0.122159 0.220833
2 0.521307 0.514583 0.0994318 0.145833
2 0.286932 0.625 0.176136 0.241667
2 0.478693 0.677083 0.150568 0.245833
2 0.291193 0.48125 0.116477 0.1125
