7 0.484375 0.3875 0.0823864 0.108333
2 0.792614 0.727083 0.181818 0.2625
5 0.147727 0.4 0.295455 0.158333
7 0.116477 0.61875 0.221591 0.420833
2 0.644886 0.522917 0.102273 0.170833
2 0.613636 0.329167 0.0340909 0.05
2 0.764205 0.45625 0.0681818 0.0958333
2 0.573864 0.408333 0.0681818 0.0833333
2 0.740057 0.397917 0.0596591 0.0625
2 0.796875 0.547917 0.0994318 0.1625
2 0.660511 0.339583 0.0426136 0.0541667
2 0.357955 0.4 0.113636 0.133333
2 0.653409 0.379167 0.0511364 0.05
2 0.588068 0.35625 0.0454545 0.0541667
2 0.448864 0.691667 0.159091 0.225
2 0.525568 0.5125 0.102273 0.15
2 0.366477 0.502083 0.119318 0.145833
2 0.261364 0.679167 0.193182 0.241667
