2 0.625 0.510417 0.0909091 0.170833
2 0.350852 0.447917 0.0994318 0.0875
2 0.796875 0.566667 0.122159 0.166667
2 0.433239 0.358333 0.0710227 0.075
2 0.664773 0.308333 0.0340909 0.0416667
2 0.754261 0.425 0.0823864 0.133333
2 0.497159 0.379167 0.0625 0.0833333
2 0.321023 0.925 0.232955 0.15
2 0.627841 0.79375 0.153409 0.3125
2 0.607955 0.360417 0.0511364 0.0708333
2 0.448864 0.441667 0.0852273 0.116667
2 0.191761 0.579167 0.173295 0.183333
2 0.553977 0.4125 0.0681818 0.0833333
2 0.257102 0.71875 0.196023 0.2375
2 0.882102 0.835417 0.235795 0.329167
