2 0.356534 0.339583 0.0596591 0.0541667
2 0.772727 0.53125 0.0965909 0.1625
2 0.424716 0.322917 0.0539773 0.0625
2 0.380682 0.4125 0.0738636 0.0916667
2 0.464489 0.429167 0.0767045 0.108333
2 0.440341 0.364583 0.0625 0.0541667
2 0.556818 0.439583 0.0738636 0.129167
2 0.59233 0.391667 0.0482955 0.075
2 0.507102 0.38125 0.0539773 0.0625
2 0.526989 0.339583 0.0482955 0.0541667
2 0.646307 0.58125 0.105114 0.170833
2 0.299716 0.477083 0.105114 0.1125
2 0.497159 0.522917 0.107955 0.1625
2 0.171875 0.595833 0.167614 0.166667
2 0.350852 0.5625 0.133523 0.166667
