5 0.106534 0.489583 0.213068 0.295833
2 0.575284 0.391667 0.0596591 0.075
2 0.745739 0.40625 0.0823864 0.0875
2 0.450284 0.45625 0.0823864 0.120833
2 0.599432 0.333333 0.0397727 0.05
2 0.482955 0.39375 0.0681818 0.0791667
2 0.551136 0.454167 0.0795455 0.108333
2 0.681818 0.44375 0.0681818 0.0875
2 0.517045 0.35 0.0511364 0.0666667
2 0.660511 0.585417 0.0994318 0.1875
2 0.150568 0.616667 0.176136 0.175
2 0.497159 0.54375 0.119318 0.179167
7 0.338068 0.404167 0.181818 0.233333
2 0.363636 0.53125 0.125 0.154167
