2 0.629261 0.391667 0.0596591 0.0833333
2 0.872159 0.375 0.0454545 0.0583333
2 0.759943 0.291667 0.03125 0.0333333
2 0.521307 0.39375 0.0767045 0.0791667
2 0.521307 0.30625 0.0482955 0.0458333
2 0.65625 0.35 0.0454545 0.0583333
2 0.606534 0.327083 0.0482955 0.0458333
2 0.803977 0.502083 0.0852273 0.1375
2 0.727273 0.375 0.0625 0.0833333
2 0.927557 0.479167 0.09375 0.141667
2 0.676136 0.433333 0.0681818 0.0833333
2 0.75 0.672917 0.136364 0.2625
2 0.568182 0.44375 0.0909091 0.120833
2 0.460227 0.458333 0.102273 0.1
2 0.644886 0.508333 0.0965909 0.125
2 0.484375 0.335417 0.0596591 0.0458333
2 0.569602 0.35 0.0482955 0.05
2 0.901989 0.425 0.0596591 0.075
2 0.326705 0.55625 0.159091 0.154167
2 0.568182 0.66875 0.159091 0.220833
2 0.494318 0.55 0.125 0.141667
