2 0.589489 0.354167 0.0426136 0.05
2 0.539773 0.322917 0.0454545 0.0541667
2 0.34233 0.4125 0.116477 0.158333
2 0.605114 0.325 0.0340909 0.05
2 0.711648 0.285417 0.03125 0.0375
2 0.46875 0.425 0.0738636 0.0916667
2 0.659091 0.416667 0.0681818 0.0916667
2 0.0397727 0.547917 0.0795455 0.145833
2 0.524148 0.347917 0.0426136 0.0458333
2 0.580966 0.4 0.0596591 0.075
2 0.421875 0.502083 0.09375 0.129167
2 0.553977 0.472917 0.0738636 0.1375
2 0.508523 0.385417 0.0568182 0.0625
2 0.453125 0.339583 0.0539773 0.0541667
2 0.667614 0.527083 0.0852273 0.154167
2 0.420455 0.38125 0.0511364 0.0625
2 0.228693 0.535417 0.144886 0.154167
2 0.497159 0.552083 0.125 0.1875
2 0.332386 0.583333 0.147727 0.183333
