2 0.731534 0.3125 0.0369318 0.0416667
5 0.133523 0.625 0.255682 0.408333
2 0.528409 0.308333 0.0454545 0.0416667
2 0.78125 0.316667 0.0340909 0.0416667
2 0.659091 0.460417 0.0795455 0.120833
2 0.859375 0.31875 0.0369318 0.0458333
2 0.559659 0.3625 0.0738636 0.0833333
2 0.586648 0.433333 0.0823864 0.1
2 0.609375 0.325 0.0426136 0.05
2 0.715909 0.375 0.0681818 0.0833333
2 0.769886 0.53125 0.0909091 0.154167
2 0.8125 0.347917 0.0568182 0.0541667
2 0.46733 0.447917 0.110795 0.104167
2 0.784091 0.420833 0.0681818 0.075
2 0.90483 0.877083 0.190341 0.245833
2 0.380682 0.6125 0.181818 0.216667
2 0.642045 0.360417 0.0625 0.0625
2 0.566761 0.6875 0.161932 0.225
