2 0.505682 0.377083 0.0340909 0.0791667
2 0.528409 0.525 0.102273 0.166667
2 0.673295 0.34375 0.0454545 0.0458333
2 0.53125 0.3375 0.0454545 0.0583333
2 0.387784 0.395833 0.0653409 0.075
2 0.602273 0.364583 0.0284091 0.0625
2 0.5625 0.447917 0.0738636 0.1375
2 0.65767 0.475 0.0653409 0.0833333
2 0.444602 0.670833 0.161932 0.258333
2 0.643466 0.6 0.110795 0.216667
2 0.669034 0.4 0.0596591 0.0666667
2 0.323864 0.46875 0.107955 0.1125
2 0.214489 0.577083 0.150568 0.154167
2 0.325284 0.625 0.167614 0.183333
2 0.0823864 0.595833 0.164773 0.158333
