2 0.728693 0.316667 0.0482955 0.0583333
2 0.541193 0.270833 0.03125 0.0333333
2 0.569602 0.285417 0.0369318 0.0375
2 0.613636 0.29375 0.0340909 0.0458333
2 0.835227 0.54375 0.130682 0.2125
2 0.600852 0.31875 0.0482955 0.0541667
2 0.583807 0.38125 0.0653409 0.0875
7 0.397727 0.295833 0.0681818 0.0916667
2 0.660511 0.2875 0.0369318 0.0416667
2 0.544034 0.458333 0.0767045 0.108333
2 0.5 0.570833 0.113636 0.158333
2 0.369318 0.8375 0.278409 0.325
2 0.488636 0.391667 0.0681818 0.075
2 0.441761 0.360417 0.0653409 0.0625
2 0.348011 0.3375 0.0596591 0.0583333
2 0.488636 0.310417 0.0511364 0.0625
2 0.555398 0.31875 0.0482955 0.0458333
7 0.18608 0.68125 0.360795 0.604167
