2 0.474432 0.325 0.0454545 0.05
2 0.0369318 0.7375 0.0738636 0.25
2 0.551136 0.314583 0.0397727 0.0458333
2 0.357955 0.339583 0.0568182 0.0541667
2 0.295455 0.9375 0.25 0.125
2 0.536932 0.4625 0.0852273 0.116667
2 0.75142 0.420833 0.0710227 0.075
2 0.421875 0.764583 0.184659 0.279167
2 0.640625 0.8375 0.173295 0.325
2 0.441761 0.4375 0.09375 0.116667
2 0.370739 0.404167 0.0823864 0.1
2 0.200284 0.695833 0.298295 0.4
2 0.585227 0.352083 0.0511364 0.0541667
2 0.65625 0.383333 0.0625 0.1
2 0.697443 0.525 0.0994318 0.133333
2 0.512784 0.358333 0.0596591 0.075
