7 0.576705 0.379167 0.0625 0.0833333
2 0.598011 0.34375 0.0369318 0.0541667
2 0.670455 0.497917 0.0909091 0.179167
2 0.792614 0.5125 0.0909091 0.133333
2 0.410511 0.38125 0.0653409 0.0708333
2 0.541193 0.454167 0.0823864 0.108333
2 0.667614 0.316667 0.0397727 0.05
2 0.355114 0.4375 0.0909091 0.0916667
2 0.488636 0.566667 0.119318 0.166667
2 0.455966 0.429167 0.09375 0.125
2 0.420455 0.76875 0.1875 0.270833
2 0.497159 0.377083 0.0511364 0.0708333
2 0.363636 0.53125 0.130682 0.154167
2 0.232955 0.525 0.142045 0.158333
2 0.747159 0.641667 0.136364 0.191667
