7 0.586648 0.366667 0.0596591 0.075
2 0.40767 0.377083 0.0596591 0.0791667
7 0.605114 0.31875 0.0568182 0.0875
7 0.0951705 0.485417 0.190341 0.295833
2 0.663352 0.36875 0.0482955 0.0625
2 0.644886 0.404167 0.0568182 0.0666667
2 0.640625 0.475 0.0823864 0.141667
2 0.46875 0.327083 0.0511364 0.0541667
2 0.555398 0.427083 0.0653409 0.0875
2 0.759943 0.402083 0.0653409 0.0875
2 0.518466 0.504167 0.0994318 0.125
2 0.518466 0.360417 0.0482955 0.0541667
2 0.494318 0.39375 0.0568182 0.0791667
2 0.444602 0.439583 0.0880682 0.120833
2 0.617898 0.622917 0.110795 0.1875
2 0.37642 0.514583 0.116477 0.154167
2 0.205966 0.710417 0.241477 0.2875
2 0.455966 0.639583 0.144886 0.204167
7 0.223011 0.49375 0.321023 0.3625
