2 0.857955 0.314583 0.0397727 0.0458333
2 0.556818 0.29375 0.0340909 0.0375
2 0.877841 0.36875 0.0568182 0.0708333
2 0.693182 0.304167 0.0397727 0.0416667
2 0.649148 0.295833 0.0369318 0.0333333
2 0.524148 0.310417 0.0482955 0.0458333
2 0.799716 0.408333 0.0596591 0.0833333
2 0.728693 0.31875 0.0426136 0.0541667
2 0.761364 0.289583 0.0284091 0.0375
2 0.927557 0.483333 0.09375 0.133333
2 0.900568 0.422917 0.0625 0.0791667
2 0.474432 0.43125 0.107955 0.104167
2 0.556818 0.445833 0.0965909 0.108333
2 0.482955 0.335417 0.0568182 0.0458333
2 0.582386 0.347917 0.0568182 0.0541667
2 0.761364 0.5875 0.113636 0.191667
2 0.639205 0.522917 0.107955 0.1375
2 0.151989 0.73125 0.286932 0.295833
2 0.704545 0.375 0.0568182 0.0666667
