2 0.75 0.83125 0.210227 0.304167
2 0.566761 0.416667 0.0767045 0.108333
2 0.744318 0.360417 0.0511364 0.0625
2 0.514205 0.510417 0.102273 0.154167
2 0.446023 0.433333 0.0965909 0.125
7 0.515625 0.329167 0.09375 0.141667
2 0.365057 0.4125 0.09375 0.116667
2 0.65625 0.447917 0.0625 0.0708333
2 0.451705 0.729167 0.170455 0.283333
2 0.650568 0.55625 0.0965909 0.154167
2 0.264205 0.504167 0.130682 0.158333
2 0.15483 0.51875 0.139205 0.120833
2 0.0866477 0.683333 0.173295 0.241667
2 0.377841 0.547917 0.130682 0.154167
2 0.181818 0.79375 0.255682 0.2875
