2 0.917614 0.472917 0.0795455 0.120833
7 0.725852 0.345833 0.0653409 0.116667
2 0.806818 0.2875 0.0284091 0.0333333
5 0.491477 0.316667 0.0852273 0.1
2 0.947443 0.558333 0.105114 0.2
2 0.796875 0.422917 0.0823864 0.120833
2 0.667614 0.33125 0.0511364 0.0541667
7 0.244318 0.7625 0.335227 0.433333
2 0.666193 0.477083 0.0880682 0.1125
2 0.5 0.414583 0.0852273 0.0958333
2 0.545455 0.804167 0.255682 0.375
2 0.576705 0.354167 0.0625 0.0583333
2 0.528409 0.483333 0.107955 0.141667
2 0.622159 0.383333 0.0681818 0.0666667
