7 0.0965909 0.510417 0.1875 0.295833
2 0.650568 0.908333 0.1875 0.175
2 0.549716 0.4375 0.0767045 0.0916667
5 0.430398 0.291667 0.09375 0.1
7 0.671875 0.277083 0.0482955 0.0958333
2 0.615057 0.289583 0.0369318 0.0458333
2 0.301136 0.645833 0.164773 0.183333
2 0.441761 0.372917 0.0596591 0.0625
2 0.299716 0.960417 0.196023 0.0791667
2 0.518466 0.35625 0.0482955 0.0625
2 0.477273 0.4125 0.0795455 0.116667
2 0.916193 0.845833 0.167614 0.308333
2 0.599432 0.3375 0.0397727 0.0583333
2 0.678977 0.533333 0.0909091 0.141667
2 0.409091 0.49375 0.119318 0.154167
2 0.28267 0.508333 0.127841 0.125
2 0.519886 0.527083 0.102273 0.1625
2 0.674716 0.358333 0.0426136 0.0666667
2 0.448864 0.747917 0.176136 0.270833
2 0.580966 0.370833 0.0539773 0.075
2 0.132102 0.635417 0.196023 0.1875
2 0.0823864 0.9 0.164773 0.2
