2 0.356534 0.339583 0.0596591 0.0541667
2 0.519886 0.49375 0.0852273 0.0958333
2 0.491477 0.3875 0.0681818 0.075
2 0.671875 0.329167 0.0426136 0.0583333
2 0.59375 0.358333 0.0511364 0.0833333
2 0.644886 0.454167 0.0852273 0.141667
2 0.37358 0.408333 0.0880682 0.1
2 0.517045 0.352083 0.0511364 0.0541667
2 0.681818 0.397917 0.0454545 0.0791667
2 0.306818 0.479167 0.102273 0.116667
2 0.416193 0.364583 0.0539773 0.0625
2 0.43608 0.45 0.0880682 0.108333
2 0.670455 0.60625 0.107955 0.1875
2 0.480114 0.610417 0.142045 0.220833
7 0.830966 0.58125 0.161932 0.304167
2 0.203125 0.570833 0.144886 0.15
2 0.339489 0.564583 0.139205 0.170833
2 0.556818 0.410417 0.0681818 0.0958333
