2 0.558239 0.283333 0.0482955 0.0583333
2 0.78267 0.46875 0.0823864 0.129167
2 0.676136 0.46875 0.0795455 0.1375
2 0.71875 0.34375 0.0511364 0.0458333
2 0.524148 0.395833 0.0767045 0.0833333
2 0.821023 0.404167 0.0568182 0.0916667
2 0.708807 0.40625 0.0596591 0.0791667
2 0.582386 0.422917 0.0852273 0.1125
2 0.896307 0.410417 0.0596591 0.0708333
2 0.636364 0.375 0.0511364 0.0666667
2 0.269886 0.58125 0.181818 0.1875
2 0.870739 0.5625 0.127841 0.216667
2 0.413352 0.472917 0.122159 0.129167
2 0.607955 0.58125 0.147727 0.229167
2 0.487216 0.54375 0.127841 0.1375
