7 0.59517 0.322917 0.0596591 0.0958333
2 0.555398 0.314583 0.03125 0.0458333
2 0.440341 0.36875 0.0625 0.0625
2 0.526989 0.339583 0.0482955 0.0541667
2 0.556818 0.435417 0.0681818 0.1125
2 0.494318 0.304167 0.0397727 0.0416667
2 0.382102 0.4125 0.0767045 0.0916667
2 0.676136 0.4 0.0625 0.0833333
2 0.457386 0.4375 0.0909091 0.125
2 0.504261 0.389583 0.0539773 0.0708333
2 0.59375 0.391667 0.0511364 0.075
2 0.646307 0.58125 0.105114 0.170833
2 0.117898 0.514583 0.139205 0.170833
2 0.680398 0.320833 0.0369318 0.05
2 0.298295 0.477083 0.107955 0.1125
2 0.356534 0.339583 0.0596591 0.0541667
2 0.171875 0.595833 0.167614 0.166667
2 0.497159 0.522917 0.107955 0.1625
2 0.352273 0.5625 0.130682 0.166667
