2 0.40625 0.39375 0.0681818 0.0791667
2 0.829545 0.664583 0.147727 0.220833
2 0.653409 0.48125 0.0795455 0.120833
2 0.517045 0.475 0.0909091 0.116667
2 0.460227 0.416667 0.0795455 0.108333
2 0.5625 0.3875 0.0625 0.0833333
2 0.634943 0.3375 0.0539773 0.0583333
2 0.450284 0.34375 0.0596591 0.0541667
2 0.369318 0.535417 0.136364 0.179167
2 0.211648 0.5625 0.15625 0.166667
2 0.767045 0.491667 0.0965909 0.183333
2 0.65483 0.385417 0.0539773 0.0708333
2 0.514205 0.583333 0.119318 0.2
2 0.326705 0.45 0.113636 0.133333
