2 0.917614 0.479167 0.0738636 0.116667
2 0.865057 0.364583 0.03125 0.0708333
2 0.696023 0.297917 0.0397727 0.0458333
2 0.788352 0.5125 0.116477 0.241667
2 0.698864 0.441667 0.0625 0.1
2 0.879261 0.4 0.0426136 0.075
2 0.0397727 0.625 0.0795455 0.15
2 0.732955 0.325 0.0454545 0.0583333
2 0.62642 0.554167 0.150568 0.216667
2 0.730114 0.391667 0.0625 0.0833333
2 0.453125 0.454167 0.110795 0.125
7 0.600852 0.375 0.139205 0.208333
2 0.477273 0.552083 0.130682 0.1125
2 0.31108 0.55625 0.150568 0.145833
