2 0.870739 0.310417 0.0426136 0.0458333
2 0.762784 0.29375 0.03125 0.0458333
2 0.625 0.308333 0.0568182 0.0666667
2 0.583807 0.341667 0.0426136 0.0583333
7 0.805398 0.391667 0.0994318 0.225
2 0.62358 0.529167 0.133523 0.216667
2 0.545455 0.383333 0.0681818 0.0833333
2 0.59233 0.420833 0.0880682 0.116667
2 0.681818 0.316667 0.0454545 0.0583333
2 0.762784 0.69375 0.133523 0.2375
2 0.375 0.508333 0.164773 0.183333
2 0.161932 0.845833 0.323864 0.308333
2 0.508523 0.533333 0.130682 0.141667
2 0.65625 0.35625 0.0568182 0.0708333
