2 0.458807 0.339583 0.0653409 0.0708333
2 0.951705 0.929167 0.0965909 0.141667
2 0.670455 0.3 0.0284091 0.0416667
2 0.697443 0.33125 0.0369318 0.0458333
2 0.615057 0.310417 0.0426136 0.0541667
2 0.549716 0.46875 0.0994318 0.1375
2 0.409091 0.720833 0.1875 0.3
2 0.47017 0.416667 0.0767045 0.0916667
2 0.392045 0.38125 0.0681818 0.0708333
2 0.681818 0.452083 0.0681818 0.0958333
2 0.634943 0.6 0.127841 0.25
2 0.356534 0.339583 0.0596591 0.0541667
2 0.664773 0.36875 0.0511364 0.0625
2 0.508523 0.370833 0.0511364 0.0666667
2 0.545455 0.329167 0.0454545 0.0583333
2 0.308239 0.458333 0.116477 0.133333
2 0.590909 0.347917 0.0454545 0.0625
2 0.102273 0.891667 0.198864 0.216667
2 0.166193 0.60625 0.161932 0.1625
