2 0.691761 0.470833 0.0880682 0.141667
2 0.741477 0.354167 0.0511364 0.0666667
2 0.566761 0.383333 0.0823864 0.133333
2 0.494318 0.377083 0.0511364 0.0625
2 0.410511 0.4875 0.09375 0.15
2 0.318182 0.577083 0.176136 0.2125
2 0.663352 0.341667 0.0482955 0.0833333
2 0.47017 0.427083 0.0653409 0.0958333
2 0.478693 0.6125 0.133523 0.191667
2 0.627841 0.602083 0.0965909 0.179167
7 0.37642 0.4 0.105114 0.15
2 0.534091 0.470833 0.0909091 0.125
2 0.129261 0.610417 0.196023 0.2125
2 0.786932 0.65 0.136364 0.25
2 0.0923295 0.547917 0.167614 0.179167
