2 0.633523 0.304167 0.0397727 0.05
2 0.867898 0.3125 0.0482955 0.05
2 0.882102 0.40625 0.0426136 0.0875
2 0.521307 0.3875 0.09375 0.1
2 0.877841 0.364583 0.0568182 0.0625
2 0.62642 0.377083 0.0369318 0.0708333
5 0.490057 0.316667 0.0823864 0.1
2 0.803977 0.425 0.0738636 0.116667
2 0.585227 0.43125 0.0795455 0.1125
2 0.589489 0.339583 0.0596591 0.0625
2 0.8125 0.59375 0.136364 0.245833
2 0.460227 0.445833 0.102273 0.116667
7 0.694602 0.40625 0.110795 0.220833
2 0.303977 0.564583 0.164773 0.204167
2 0.62358 0.547917 0.139205 0.220833
2 0.491477 0.535417 0.142045 0.179167
