7 0.730114 0.335417 0.0625 0.104167
5 0.490057 0.316667 0.0767045 0.1
2 0.879261 0.3625 0.0596591 0.0666667
2 0.673295 0.333333 0.0397727 0.05
2 0.880682 0.404167 0.0454545 0.0833333
7 0.603693 0.385417 0.0994318 0.1375
2 0.552557 0.4875 0.09375 0.116667
2 0.509943 0.410417 0.0710227 0.104167
2 0.430398 0.460417 0.116477 0.120833
2 0.448864 0.579167 0.159091 0.191667
2 0.794034 0.552083 0.0994318 0.1625
2 0.703125 0.395833 0.0596591 0.0583333
2 0.674716 0.483333 0.105114 0.141667
2 0.600852 0.639583 0.161932 0.2625
2 0.329545 0.5625 0.147727 0.141667
5 0.286932 0.44375 0.335227 0.304167
