2 0.917614 0.470833 0.0795455 0.125
7 0.822443 0.389583 0.09375 0.1875
7 0.869318 0.3125 0.0568182 0.0916667
2 0.946023 0.5625 0.107955 0.191667
2 0.771307 0.3125 0.0369318 0.05
2 0.43608 0.36875 0.0823864 0.0708333
2 0.538352 0.302083 0.0539773 0.0541667
2 0.678977 0.308333 0.0511364 0.0666667
2 0.71733 0.43125 0.0653409 0.104167
2 0.630682 0.30625 0.0397727 0.0458333
2 0.494318 0.414583 0.0852273 0.104167
2 0.589489 0.445833 0.09375 0.108333
2 0.671875 0.547917 0.0994318 0.170833
2 0.715909 0.333333 0.0397727 0.05
2 0.630682 0.38125 0.0625 0.0625
2 0.492898 0.583333 0.133523 0.175
2 0.59517 0.341667 0.0539773 0.0583333
2 0.747159 0.36875 0.0454545 0.0708333
2 0.34517 0.51875 0.133523 0.145833
