2 0.589489 0.347917 0.0653409 0.0625
2 0.816761 0.35625 0.0482955 0.0625
2 0.703125 0.4125 0.0539773 0.0833333
2 0.77983 0.46875 0.0767045 0.104167
2 0.59517 0.41875 0.0823864 0.104167
2 0.558239 0.285417 0.0482955 0.0625
2 0.526989 0.3875 0.0653409 0.0666667
2 0.661932 0.4625 0.0852273 0.125
2 0.536932 0.491667 0.0909091 0.116667
2 0.796875 0.391667 0.0596591 0.0833333
2 0.420455 0.595833 0.1875 0.241667
2 0.473011 0.4375 0.0880682 0.0916667
2 0.647727 0.364583 0.0568182 0.0625
2 0.894886 0.40625 0.0625 0.0791667
2 0.788352 0.579167 0.105114 0.175
2 0.617898 0.583333 0.122159 0.166667
2 0.375 0.516667 0.136364 0.15
