2 0.627841 0.39375 0.0625 0.0791667
2 0.653409 0.35 0.0511364 0.0583333
2 0.859375 0.310417 0.0369318 0.0458333
2 0.879261 0.372917 0.0596591 0.0625
2 0.434659 0.389583 0.0965909 0.104167
2 0.521307 0.308333 0.0482955 0.05
2 0.803977 0.50625 0.0852273 0.1375
2 0.745739 0.325 0.0426136 0.05
2 0.609375 0.327083 0.0482955 0.0458333
2 0.521307 0.39375 0.0710227 0.0791667
2 0.696023 0.304167 0.0340909 0.0416667
2 0.928977 0.48125 0.0909091 0.1375
2 0.460227 0.45625 0.102273 0.104167
2 0.568182 0.445833 0.0909091 0.116667
2 0.571023 0.35 0.0454545 0.05
2 0.900568 0.425 0.0625 0.075
2 0.75 0.670833 0.136364 0.266667
2 0.644886 0.508333 0.0965909 0.125
2 0.676136 0.433333 0.0681818 0.0833333
2 0.725852 0.383333 0.0596591 0.075
2 0.328125 0.55625 0.161932 0.154167
2 0.568182 0.66875 0.159091 0.220833
2 0.494318 0.55 0.125 0.141667
