2 0.799716 0.279167 0.03125 0.0333333
2 0.75142 0.289583 0.03125 0.0375
2 0.880682 0.464583 0.0795455 0.120833
2 0.52983 0.308333 0.0426136 0.0416667
2 0.481534 0.422917 0.09375 0.104167
2 0.731534 0.33125 0.0369318 0.0458333
2 0.859375 0.31875 0.0369318 0.0458333
2 0.669034 0.325 0.0482955 0.0583333
2 0.670455 0.4625 0.0852273 0.116667
2 0.713068 0.375 0.0568182 0.075
2 0.600852 0.404167 0.0823864 0.108333
2 0.528409 0.379167 0.0625 0.0666667
2 0.383523 0.629167 0.232955 0.258333
2 0.230114 0.65 0.204545 0.191667
2 0.619318 0.322917 0.0454545 0.0541667
2 0.765625 0.61875 0.105114 0.179167
2 0.555398 0.7125 0.167614 0.233333
2 0.153409 0.9125 0.306818 0.175
