2 0.613636 0.39375 0.0795455 0.0958333
7 0.802557 0.325 0.0710227 0.116667
2 0.761364 0.310417 0.0284091 0.0458333
7 0.52983 0.295833 0.0710227 0.0833333
7 0.860795 0.291667 0.0568182 0.116667
2 0.703125 0.395833 0.0767045 0.125
2 0.492898 0.4 0.110795 0.125
2 0.575284 0.3375 0.0653409 0.0833333
2 0.636364 0.302083 0.0511364 0.0541667
2 0.732955 0.341667 0.0454545 0.0583333
2 0.161932 0.839583 0.323864 0.320833
2 0.757102 0.5875 0.105114 0.175
2 0.5 0.545833 0.130682 0.15
2 0.289773 0.5625 0.176136 0.183333
7 0.34517 0.379167 0.184659 0.183333
