2 0.795455 0.295833 0.0340909 0.0416667
5 0.627841 0.277083 0.0795455 0.0875
2 0.74858 0.2875 0.03125 0.0333333
2 0.859375 0.316667 0.0369318 0.0416667
2 0.528409 0.308333 0.0454545 0.0416667
2 0.676136 0.316667 0.0397727 0.0416667
2 0.8125 0.525 0.0909091 0.166667
7 0.636364 0.495833 0.170455 0.3
2 0.521307 0.502083 0.105114 0.129167
5 0.241477 0.477083 0.369318 0.329167
2 0.556818 0.370833 0.0681818 0.0666667
2 0.828125 0.785417 0.15625 0.304167
2 0.3125 0.710417 0.210227 0.2375
2 0.386364 0.5125 0.130682 0.125
2 0.806818 0.366667 0.0511364 0.0666667
