5 0.74858 0.683333 0.303977 0.541667
7 0.579545 0.391667 0.0681818 0.108333
2 0.785511 0.90625 0.264205 0.1875
2 0.518466 0.291667 0.0369318 0.0416667
2 0.59517 0.339583 0.0539773 0.0708333
2 0.548295 0.30625 0.0397727 0.0458333
7 0.40625 0.295833 0.0852273 0.0916667
2 0.661932 0.304167 0.0397727 0.05
2 0.610795 0.308333 0.0397727 0.05
2 0.369318 0.425 0.0909091 0.0916667
2 0.539773 0.470833 0.0795455 0.116667
2 0.450284 0.341667 0.0653409 0.075
2 0.838068 0.541667 0.130682 0.208333
2 0.397727 0.50625 0.113636 0.1375
2 0.348011 0.3375 0.0596591 0.0583333
2 0.461648 0.68125 0.144886 0.220833
2 0.519886 0.358333 0.0568182 0.0583333
2 0.144886 0.5625 0.159091 0.166667
