2 0.792614 0.722917 0.176136 0.254167
2 0.485795 0.38125 0.0852273 0.104167
2 0.65625 0.377083 0.0454545 0.0541667
5 0.150568 0.404167 0.301136 0.166667
2 0.661932 0.3375 0.0397727 0.05
2 0.649148 0.514583 0.09375 0.154167
2 0.40767 0.452083 0.0823864 0.104167
2 0.588068 0.35625 0.0454545 0.0541667
2 0.534091 0.358333 0.0340909 0.0583333
2 0.759943 0.441667 0.0653409 0.0916667
2 0.357955 0.404167 0.107955 0.133333
2 0.573864 0.4125 0.0681818 0.0833333
2 0.786932 0.520833 0.0909091 0.158333
2 0.740057 0.397917 0.0596591 0.0625
2 0.526989 0.5125 0.105114 0.15
2 0.458807 0.677083 0.15625 0.2125
2 0.365057 0.55 0.133523 0.175
7 0.117898 0.610417 0.230114 0.420833
