2 0.59233 0.391667 0.0482955 0.075
2 0.676136 0.445833 0.0738636 0.116667
2 0.380682 0.4125 0.0738636 0.0916667
2 0.556818 0.4375 0.0738636 0.125
2 0.683239 0.36875 0.0482955 0.0708333
2 0.440341 0.36875 0.0681818 0.0625
2 0.356534 0.339583 0.0596591 0.0541667
2 0.50142 0.3875 0.0596591 0.075
2 0.526989 0.341667 0.0482955 0.0583333
2 0.77983 0.566667 0.105114 0.175
2 0.447443 0.45 0.09375 0.116667
2 0.646307 0.58125 0.105114 0.170833
2 0.298295 0.479167 0.107955 0.116667
2 0.078125 0.54375 0.15625 0.179167
2 0.495739 0.522917 0.110795 0.1625
2 0.171875 0.595833 0.167614 0.166667
2 0.352273 0.5625 0.130682 0.166667
