7 0.603693 0.31875 0.0710227 0.0875
7 0.602273 0.395833 0.0795455 0.0916667
2 0.81392 0.877083 0.184659 0.245833
2 0.661932 0.285417 0.0397727 0.0375
2 0.978693 0.866667 0.0426136 0.25
2 0.859375 0.31875 0.0369318 0.0458333
2 0.710227 0.285417 0.0340909 0.0375
2 0.149148 0.891667 0.298295 0.216667
2 0.509943 0.391667 0.0823864 0.1
2 0.52983 0.308333 0.0482955 0.0416667
2 0.691761 0.314583 0.0426136 0.0458333
2 0.805398 0.477083 0.0767045 0.129167
2 0.799716 0.391667 0.0539773 0.0666667
2 0.669034 0.470833 0.105114 0.141667
2 0.723011 0.375 0.0539773 0.0666667
2 0.363636 0.522917 0.136364 0.129167
2 0.485795 0.560417 0.153409 0.1625
