2 0.518466 0.339583 0.0482955 0.0625
2 0.600852 0.322917 0.0482955 0.0625
2 0.758523 0.402083 0.0625 0.0875
2 0.566761 0.383333 0.0823864 0.133333
2 0.734375 0.3375 0.0539773 0.0666667
2 0.683239 0.38125 0.0539773 0.0541667
2 0.664773 0.345833 0.0454545 0.0583333
7 0.816761 0.497917 0.116477 0.195833
2 0.410511 0.4875 0.0880682 0.15
2 0.492898 0.377083 0.0539773 0.0625
2 0.471591 0.427083 0.0625 0.0958333
2 0.68608 0.454167 0.0823864 0.133333
2 0.318182 0.577083 0.176136 0.2125
2 0.129261 0.608333 0.196023 0.208333
2 0.534091 0.472917 0.0965909 0.1375
7 0.377841 0.4 0.107955 0.15
2 0.629261 0.602083 0.0994318 0.179167
2 0.786932 0.65 0.130682 0.258333
2 0.481534 0.608333 0.127841 0.191667
2 0.0923295 0.547917 0.167614 0.179167
