2 0.605114 0.322917 0.0397727 0.0541667
2 0.660511 0.3125 0.03125 0.0416667
2 0.59375 0.333333 0.0511364 0.05
7 0.430398 0.422917 0.167614 0.2875
2 0.667614 0.477083 0.0795455 0.129167
2 0.525568 0.358333 0.0340909 0.0583333
2 0.664773 0.402083 0.0568182 0.0625
2 0.0738636 0.704167 0.147727 0.233333
2 0.357955 0.3375 0.0568182 0.05
2 0.732955 0.358333 0.0568182 0.0666667
2 0.90625 0.841667 0.1875 0.316667
2 0.633523 0.591667 0.102273 0.2
2 0.534091 0.49375 0.0965909 0.154167
2 0.264205 0.508333 0.142045 0.166667
2 0.583807 0.397917 0.0653409 0.0875
