2 0.215909 0.435417 0.0625 0.0791667
2 0.65767 0.379167 0.0482955 0.05
2 0.666193 0.433333 0.0482955 0.0666667
2 0.495739 0.389583 0.0653409 0.0791667
7 0.0823864 0.529167 0.142045 0.191667
2 0.576705 0.385417 0.0511364 0.0708333
2 0.747159 0.445833 0.0681818 0.0916667
2 0.551136 0.460417 0.0738636 0.120833
2 0.372159 0.429167 0.0852273 0.1
2 0.640625 0.527083 0.0823864 0.145833
2 0.502841 0.535417 0.113636 0.154167
2 0.272727 0.508333 0.125 0.158333
2 0.431818 0.379167 0.0625 0.0583333
2 0.441761 0.464583 0.09375 0.1125
2 0.133523 0.61875 0.181818 0.1875
2 0.356534 0.554167 0.144886 0.183333
