2 0.600852 0.33125 0.0596591 0.0708333
2 0.136364 0.9 0.272727 0.2
2 0.796875 0.322917 0.0426136 0.0458333
5 0.171875 0.58125 0.34375 0.3875
2 0.740057 0.34375 0.0653409 0.0708333
2 0.859375 0.31875 0.0369318 0.0458333
2 0.528409 0.308333 0.0454545 0.0416667
2 0.633523 0.30625 0.0340909 0.0458333
2 0.775568 0.477083 0.0795455 0.1375
2 0.680398 0.322917 0.0426136 0.0458333
2 0.680398 0.420833 0.0653409 0.0833333
2 0.535511 0.38125 0.0767045 0.0708333
2 0.633523 0.379167 0.0625 0.0666667
2 0.786932 0.4 0.0625 0.075
2 0.515625 0.472917 0.116477 0.1375
2 0.866477 0.78125 0.164773 0.2875
2 0.613636 0.583333 0.125 0.166667
