7 0.522727 0.26875 0.0511364 0.0708333
2 0.603693 0.3125 0.0426136 0.05
2 0.495739 0.385417 0.0710227 0.0791667
2 0.471591 0.339583 0.0397727 0.0458333
2 0.589489 0.347917 0.0426136 0.0625
2 0.572443 0.391667 0.0596591 0.0833333
2 0.661932 0.402083 0.0568182 0.0791667
2 0.747159 0.36875 0.0511364 0.0625
2 0.548295 0.466667 0.0738636 0.116667
2 0.646307 0.61875 0.110795 0.179167
2 0.659091 0.34375 0.0511364 0.0625
2 0.5 0.54375 0.113636 0.145833
2 0.542614 0.335417 0.0397727 0.0541667
2 0.272727 0.50625 0.125 0.154167
2 0.430398 0.38125 0.0653409 0.0625
2 0.795455 0.683333 0.136364 0.233333
2 0.375 0.429167 0.0852273 0.1
2 0.441761 0.464583 0.09375 0.120833
2 0.132102 0.616667 0.184659 0.191667
2 0.357955 0.55625 0.147727 0.179167
