2 0.507102 0.304167 0.0369318 0.0416667
2 0.40767 0.389583 0.0767045 0.0875
2 0.454545 0.297917 0.0454545 0.0541667
2 0.0383523 0.55 0.0767045 0.15
2 0.612216 0.322917 0.0369318 0.0458333
2 0.428977 0.75625 0.238636 0.379167
2 0.647727 0.454167 0.0795455 0.141667
2 0.539773 0.320833 0.0454545 0.05
2 0.546875 0.45 0.0880682 0.125
2 0.497159 0.391667 0.0568182 0.075
2 0.433239 0.452083 0.09375 0.129167
2 0.596591 0.3625 0.0511364 0.0666667
2 0.664773 0.720833 0.130682 0.258333
2 0.28267 0.645833 0.173295 0.225
2 0.46733 0.333333 0.0539773 0.05
2 0.15767 0.6 0.173295 0.183333
2 0.0639205 0.891667 0.127841 0.216667
