2 0.815341 0.502083 0.119318 0.195833
2 0.322443 0.90625 0.213068 0.1875
2 0.72017 0.358333 0.0539773 0.0666667
2 0.556818 0.302083 0.0454545 0.0458333
2 0.465909 0.333333 0.0568182 0.05
2 0.609375 0.3125 0.0369318 0.05
2 0.521307 0.485417 0.105114 0.170833
2 0.319602 0.45 0.09375 0.1
2 0.433239 0.4625 0.09375 0.108333
2 0.680398 0.533333 0.09375 0.141667
5 0.384943 0.302083 0.178977 0.145833
2 0.65483 0.39375 0.0596591 0.0791667
2 0.509943 0.347917 0.0596591 0.0708333
2 0.583807 0.354167 0.0482955 0.0583333
2 0.129261 0.633333 0.178977 0.183333
