2 0.735795 0.347917 0.0397727 0.0458333
2 0.650568 0.45625 0.0625 0.0625
2 0.494318 0.383333 0.0681818 0.0833333
2 0.646307 0.61875 0.110795 0.1875
2 0.669034 0.48125 0.0482955 0.0625
2 0.545455 0.46875 0.0795455 0.1125
2 0.471591 0.335417 0.0397727 0.0458333
2 0.659091 0.354167 0.0511364 0.0583333
2 0.5 0.54375 0.113636 0.154167
2 0.588068 0.352083 0.0454545 0.0708333
2 0.569602 0.389583 0.0596591 0.0708333
2 0.541193 0.333333 0.0369318 0.05
2 0.372159 0.429167 0.0852273 0.1
2 0.430398 0.377083 0.0653409 0.0625
2 0.441761 0.464583 0.0994318 0.120833
2 0.269886 0.510417 0.125 0.154167
2 0.132102 0.616667 0.178977 0.191667
2 0.81108 0.722917 0.15625 0.254167
2 0.355114 0.55625 0.147727 0.1875
