7 0.0951705 0.485417 0.190341 0.304167
2 0.642045 0.4875 0.0795455 0.125
2 0.646307 0.397917 0.0539773 0.0625
2 0.677557 0.33125 0.0369318 0.0541667
2 0.848011 0.883333 0.298295 0.233333
2 0.553977 0.427083 0.0738636 0.104167
2 0.759943 0.402083 0.0653409 0.0875
2 0.409091 0.370833 0.0625 0.075
2 0.518466 0.504167 0.0994318 0.125
2 0.518466 0.358333 0.0482955 0.0583333
2 0.663352 0.366667 0.0426136 0.0666667
2 0.474432 0.322917 0.0454545 0.0541667
2 0.443182 0.439583 0.0909091 0.120833
2 0.619318 0.622917 0.107955 0.1875
2 0.495739 0.39375 0.0596591 0.0791667
2 0.377841 0.514583 0.119318 0.154167
2 0.455966 0.639583 0.144886 0.195833
2 0.207386 0.710417 0.238636 0.2875
7 0.223011 0.491667 0.321023 0.358333
