2 0.352273 0.420833 0.0681818 0.0666667
2 0.539773 0.320833 0.0397727 0.0416667
2 0.612216 0.289583 0.0369318 0.0375
2 0.515625 0.366667 0.0596591 0.075
2 0.600852 0.327083 0.0369318 0.0541667
2 0.644886 0.4125 0.0568182 0.0833333
2 0.416193 0.377083 0.0653409 0.0625
2 0.636364 0.522917 0.0909091 0.1375
2 0.821023 0.627083 0.119318 0.1875
2 0.214489 0.529167 0.15625 0.166667
2 0.478693 0.322917 0.0539773 0.0541667
2 0.730114 0.35625 0.0454545 0.0708333
2 0.328125 0.5625 0.173295 0.225
2 0.473011 0.41875 0.0767045 0.104167
2 0.428977 0.710417 0.193182 0.295833
2 0.924716 0.922917 0.150568 0.154167
