2 0.589489 0.35625 0.0426136 0.0541667
7 0.484375 0.383333 0.0880682 0.108333
2 0.40767 0.452083 0.0767045 0.104167
2 0.647727 0.504167 0.0965909 0.166667
2 0.573864 0.408333 0.0681818 0.0833333
2 0.357955 0.404167 0.107955 0.141667
2 0.771307 0.68125 0.15625 0.229167
2 0.65767 0.408333 0.0482955 0.0416667
2 0.744318 0.397917 0.0625 0.0625
2 0.65625 0.370833 0.0454545 0.05
2 0.786932 0.51875 0.0909091 0.154167
2 0.526989 0.510417 0.105114 0.145833
2 0.458807 0.679167 0.15625 0.216667
7 0.116477 0.620833 0.232955 0.441667
2 0.365057 0.55 0.133523 0.175
