2 0.704545 0.429167 0.0568182 0.0916667
2 0.521307 0.372917 0.0539773 0.0708333
2 0.515625 0.472917 0.0823864 0.104167
2 0.829545 0.664583 0.147727 0.220833
2 0.4375 0.358333 0.0568182 0.0583333
2 0.660511 0.329167 0.0426136 0.05
2 0.424716 0.460417 0.09375 0.120833
2 0.649148 0.472917 0.0767045 0.129167
2 0.558239 0.408333 0.0596591 0.0916667
2 0.213068 0.5625 0.159091 0.166667
2 0.65483 0.377083 0.0482955 0.0625
2 0.502841 0.610417 0.130682 0.204167
2 0.767045 0.485417 0.0965909 0.170833
2 0.65483 0.66875 0.122159 0.229167
2 0.326705 0.45 0.113636 0.133333
2 0.322443 0.602083 0.167614 0.2125
