2 0.598011 0.395833 0.0596591 0.0833333
2 0.5625 0.3125 0.0397727 0.05
5 0.434659 0.289583 0.107955 0.104167
2 0.732955 0.404167 0.0738636 0.116667
2 0.0823864 0.86875 0.164773 0.2625
2 0.859375 0.81875 0.224432 0.3125
2 0.538352 0.454167 0.0880682 0.133333
2 0.446023 0.454167 0.0852273 0.1
2 0.596591 0.33125 0.0397727 0.0458333
2 0.802557 0.541667 0.105114 0.166667
2 0.691761 0.352083 0.0369318 0.0541667
2 0.478693 0.575 0.110795 0.166667
2 0.629261 0.554167 0.105114 0.191667
2 0.252841 0.516667 0.130682 0.125
2 0.528409 0.347917 0.0511364 0.0541667
