2 0.535511 0.464583 0.0823864 0.104167
2 0.453125 0.422917 0.09375 0.1125
2 0.149148 0.610417 0.161932 0.1875
2 0.660511 0.366667 0.0539773 0.0666667
2 0.607955 0.31875 0.0397727 0.0458333
2 0.700284 0.68125 0.133523 0.254167
7 0.816761 0.502083 0.116477 0.195833
2 0.602273 0.354167 0.0397727 0.0583333
7 0.519886 0.325 0.0852273 0.141667
2 0.400568 0.383333 0.0795455 0.1
5 0.383523 0.3 0.181818 0.15
2 0.575284 0.402083 0.0596591 0.0875
2 0.65625 0.4375 0.0568182 0.0583333
2 0.890625 0.945833 0.21875 0.108333
2 0.650568 0.533333 0.0909091 0.141667
2 0.399148 0.522917 0.110795 0.1375
2 0.289773 0.479167 0.119318 0.15
2 0.296875 0.641667 0.173295 0.2
2 0.50142 0.597917 0.127841 0.204167
