5 0.240057 0.354167 0.0994318 0.208333
2 0.362216 0.445833 0.0767045 0.108333
2 0.590909 0.335417 0.0738636 0.0708333
2 0.448864 0.354167 0.0625 0.0666667
2 0.485795 0.272917 0.0511364 0.0458333
2 0.556818 0.472917 0.102273 0.120833
2 0.372159 0.379167 0.0568182 0.0666667
2 0.430398 0.29375 0.0426136 0.0458333
2 0.541193 0.829167 0.252841 0.341667
2 0.59233 0.395833 0.0880682 0.0833333
2 0.160511 0.570833 0.0994318 0.158333
2 0.433239 0.539583 0.110795 0.170833
2 0.346591 0.325 0.0397727 0.05
2 0.330966 0.285417 0.03125 0.0375
2 0.696023 0.716667 0.210227 0.266667
