2 0.377841 0.270833 0.0340909 0.0416667
2 0.204545 0.45625 0.0738636 0.104167
2 0.579545 0.339583 0.0738636 0.0708333
2 0.701705 0.53125 0.142045 0.179167
2 0.289773 0.627083 0.125 0.245833
2 0.305398 0.439583 0.0653409 0.0958333
2 0.509943 0.408333 0.09375 0.116667
2 0.411932 0.447917 0.0965909 0.154167
2 0.473011 0.320833 0.0539773 0.0583333
2 0.225852 0.385417 0.0539773 0.0708333
2 0.34517 0.34375 0.0539773 0.0625
2 0.901989 0.585417 0.196023 0.1625
2 0.127841 0.56875 0.164773 0.1625
2 0.410511 0.320833 0.0482955 0.0583333
2 0.81392 0.816667 0.315341 0.366667
