2 0.541193 0.308333 0.0596591 0.0583333
2 0.484375 0.266667 0.0482955 0.0333333
2 0.579545 0.33125 0.0625 0.0625
2 0.232955 0.33125 0.0397727 0.0541667
2 0.921875 0.8625 0.15625 0.275
2 0.321023 0.289583 0.0340909 0.0375
2 0.5 0.45 0.0909091 0.116667
2 0.4375 0.379167 0.0681818 0.075
2 0.235795 0.522917 0.0909091 0.145833
2 0.933239 0.545833 0.133523 0.158333
2 0.473011 0.775 0.190341 0.308333
2 0.471591 0.3 0.0511364 0.0583333
2 0.37358 0.483333 0.09375 0.166667
2 0.397727 0.302083 0.0397727 0.0458333
2 0.582386 0.604167 0.153409 0.216667
2 0.353693 0.35625 0.0539773 0.0625
2 0.762784 0.59375 0.201705 0.179167
