2 0.225852 0.377083 0.0482955 0.0625
2 0.276989 0.275 0.0255682 0.0333333
2 0.207386 0.425 0.0681818 0.0916667
2 0.434659 0.279167 0.0397727 0.0416667
2 0.369318 0.860417 0.1875 0.279167
2 0.582386 0.3375 0.0681818 0.0583333
2 0.224432 0.491667 0.0909091 0.125
2 0.286932 0.320833 0.0397727 0.0416667
2 0.370739 0.28125 0.03125 0.0375
2 0.348011 0.314583 0.0426136 0.0625
2 0.377841 0.385417 0.0681818 0.0791667
2 0.231534 0.325 0.0426136 0.05
2 0.53125 0.491667 0.113636 0.133333
2 0.428977 0.3375 0.0511364 0.0583333
2 0.441761 0.5375 0.116477 0.191667
2 0.901989 0.585417 0.196023 0.1625
2 0.0809659 0.560417 0.161932 0.195833
