2 0.590909 0.335417 0.0681818 0.0625
2 0.392045 0.28125 0.0340909 0.0375
2 0.454545 0.30625 0.0454545 0.0458333
5 0.245739 0.329167 0.0880682 0.175
2 0.339489 0.3375 0.0482955 0.0666667
2 0.52983 0.445833 0.0880682 0.116667
2 0.488636 0.833333 0.232955 0.333333
2 0.475852 0.366667 0.0596591 0.0666667
2 0.409091 0.479167 0.0909091 0.141667
2 0.164773 0.41875 0.0625 0.0791667
2 0.37358 0.379167 0.0596591 0.075
2 0.644886 0.627083 0.1875 0.2125
2 0.900568 0.93125 0.198864 0.1375
2 0.899148 0.525 0.201705 0.183333
