2 0.590909 0.335417 0.0681818 0.0708333
2 0.346591 0.90625 0.232955 0.1875
2 0.485795 0.272917 0.0511364 0.0458333
2 0.390625 0.395833 0.0767045 0.116667
2 0.31392 0.372917 0.0539773 0.0625
2 0.284091 0.322917 0.0397727 0.0541667
2 0.213068 0.3875 0.0681818 0.075
2 0.247159 0.435417 0.0795455 0.104167
2 0.333807 0.2875 0.0369318 0.0416667
2 0.775568 0.7625 0.261364 0.316667
2 0.386364 0.302083 0.0454545 0.0541667
2 0.127841 0.5375 0.176136 0.183333
2 0.443182 0.604167 0.119318 0.208333
2 0.90767 0.5625 0.184659 0.15
