2 0.524148 0.302083 0.0482955 0.0458333
2 0.637784 0.4125 0.105114 0.116667
2 0.568182 0.325 0.0625 0.0583333
5 0.184659 0.339583 0.107955 0.170833
2 0.221591 0.460417 0.0852273 0.120833
2 0.53267 0.447917 0.09375 0.1125
2 0.295455 0.404167 0.0738636 0.108333
2 0.4375 0.322917 0.0454545 0.0541667
5 0.31108 0.325 0.105114 0.166667
2 0.958807 0.554167 0.0823864 0.15
2 0.420455 0.358333 0.0681818 0.0583333
2 0.768466 0.485417 0.178977 0.1375
2 0.0838068 0.554167 0.161932 0.166667
2 0.877841 0.833333 0.244318 0.333333
