      0/49     10.1G   0.03015    0.0112     0.011   0.05235       246       640    0.6072    0.7639      0.72    0.5879     0.041   0.01948  0.007778
      1/49     10.1G   0.02718  0.009647  0.007981    0.0448       396       640    0.6243    0.7897    0.7309    0.5735   0.04183   0.01858  0.007553
      2/49     10.7G   0.02647  0.007527  0.005687   0.03968       278       640    0.8218    0.6053    0.7518    0.6006   0.04182   0.01775  0.007535
      3/49     10.7G   0.02703  0.006981  0.004014   0.03802       347       640    0.9631     0.636    0.7803    0.5978    0.0427   0.01703  0.007475
      4/49     10.7G   0.02642  0.004955  0.002584   0.03396       193       640    0.9733    0.6026    0.7815    0.6046   0.04383   0.01613  0.007204
      5/49     10.7G   0.02651  0.005578  0.002147   0.03424       348       640    0.9742    0.5901     0.782    0.5387   0.04466   0.01505  0.007449
      6/49     10.7G   0.02541  0.005175  0.001849   0.03243       244       640    0.9644    0.6061    0.8017    0.5524   0.04273   0.01452  0.006532
      7/49     10.7G   0.02619  0.004664  0.001653   0.03251       290       640     0.974     0.588    0.7946    0.5486   0.04704    0.0131  0.006798
      8/49     10.7G   0.03322  0.004701  0.001766   0.03969       354       640    0.5858    0.7304    0.7531      0.52   0.04431   0.01346  0.006211
      9/49     10.7G   0.02979  0.004814  0.001706   0.03631       124       640    0.6245    0.8839    0.8097      0.49   0.04586   0.01291   0.00588
     10/49     10.7G   0.02849  0.005015  0.001655   0.03516       247       640    0.7043    0.8065     0.835    0.5781   0.04327   0.01276  0.005559
     11/49     10.7G   0.02978  0.005006  0.001673   0.03646       248       640     0.672    0.8314    0.8355    0.5447   0.04583   0.01225  0.004898
     12/49     10.7G   0.02843   0.00466   0.00158   0.03467       310       640    0.7465     0.861    0.8369    0.5286   0.04792   0.01146  0.004435
     13/49     10.7G   0.02891  0.004454   0.00151   0.03487       265       640    0.8315    0.7931    0.8674    0.6498   0.04434   0.01094  0.004241
     14/49     10.7G   0.03002   0.00474  0.001507   0.03626       242       640    0.7617    0.7993    0.8193    0.5729    0.0441   0.01081  0.004273
     15/49     10.7G   0.02835  0.004502  0.001386   0.03424       216       640    0.7874    0.7924    0.8227    0.5688   0.04023   0.01106  0.004153
     16/49     10.7G   0.02865  0.004811  0.001367   0.03483       220       640    0.7699     0.897    0.8716    0.6113   0.04147   0.01053  0.003589
     17/49     10.7G   0.02951  0.005036  0.001476   0.03602       282       640    0.6857    0.8982    0.8315    0.4779   0.05157   0.00952  0.003871
     18/49     10.7G   0.03028  0.004786  0.001549   0.03662       266       640    0.7222    0.8473     0.825    0.4846   0.04582  0.009702  0.003997
     19/49     10.7G   0.02952  0.005154  0.001647   0.03632       327       640    0.8246    0.8177    0.8966    0.6062   0.03668  0.009923  0.002589
     20/49     10.7G   0.02942  0.005378  0.001327   0.03612       301       640    0.7338    0.7998    0.8263    0.5055   0.03958  0.009737  0.002567
     21/49     10.7G   0.02857  0.004731  0.001281   0.03458       276       640    0.6892    0.9236    0.8536    0.5746   0.03739  0.009583  0.002628
     22/49     10.7G   0.02754  0.005223  0.001402   0.03417       277       640    0.6806    0.7967       0.8    0.4829   0.03887   0.00906  0.002748
     23/49     10.7G   0.03064   0.00509  0.001173    0.0369       330       640    0.7261    0.9242    0.8767    0.5887   0.04151  0.009195  0.002636
     24/49     10.7G   0.03573  0.004647  0.001585   0.04197       349       640    0.6074    0.8278    0.7156    0.3829   0.05473  0.008712  0.002952
     25/49     10.7G   0.03668  0.004739  0.001889    0.0433       349       640    0.7522     0.797    0.8489    0.5876    0.0446  0.009303  0.002608
     26/49     10.7G    0.0324  0.004424  0.001785   0.03861       315       640    0.9189    0.8027    0.9129    0.5943   0.03656  0.009378   0.00198
     27/49     10.7G   0.03116  0.004842  0.001505   0.03751       172       640    0.6328    0.9344    0.7732    0.4362   0.03976  0.008956  0.002623
     28/49     10.7G    0.0311   0.00503  0.001775    0.0379       253       640    0.7855    0.8858    0.8633    0.6083   0.03985  0.008959  0.002852
     29/49     10.7G   0.03151  0.005019  0.001461   0.03799       272       640     0.782    0.9183    0.8975    0.5912   0.04512  0.008696  0.002106
     30/49     10.7G   0.03556  0.004477  0.001483   0.04152       336       640    0.8143    0.7617    0.8215    0.5793   0.04179   0.00945  0.002256
     31/49     10.7G   0.03309  0.005149  0.001848   0.04008       160       640     0.811    0.6856    0.7967    0.5291   0.04668  0.008527  0.002649
     32/49     10.7G   0.03003  0.004612  0.001502   0.03614       370       640    0.8186    0.8417    0.8791    0.6141   0.03774  0.008818  0.002395
     33/49     10.7G   0.02803  0.004841  0.001161   0.03403       251       640    0.8445     0.744    0.8155    0.5942   0.04166  0.008651  0.001962
     34/49     10.7G   0.02881  0.005111  0.001082     0.035       205       640    0.7715    0.8933    0.8824    0.5671   0.03794  0.008484  0.002065
     35/49     10.7G   0.02692  0.005209   0.00111   0.03324       328       640    0.7653    0.9645     0.882    0.6885   0.03348    0.0085  0.002086
     36/49     10.7G    0.0252  0.004668  0.001085   0.03095       289       640    0.7977    0.8486    0.8995    0.6662   0.03304  0.008161  0.001873
     37/49     10.7G    0.0246   0.00504 0.0009762   0.03062       290       640    0.8527     0.831     0.911    0.6904   0.03181  0.008248  0.001561
     38/49     10.7G   0.02585  0.004633 0.0009062   0.03139       307       640     0.824    0.8415    0.8843    0.6328   0.04049  0.007862  0.001508
     39/49     10.7G   0.03214  0.004398 0.0008635    0.0374       328       640    0.6982    0.7254    0.7673    0.5546   0.04246  0.008216  0.001812
     40/49     10.7G   0.02995  0.004549  0.001379   0.03588       259       640    0.7707    0.7051     0.794     0.594   0.04731  0.008131  0.002271
     41/49     10.7G   0.02812  0.004755  0.001531   0.03441       172       640    0.7464    0.7446    0.7881    0.6861   0.04331  0.008023   0.00232
     42/49     10.7G   0.02583  0.005519  0.001468   0.03282       268       640    0.8121    0.8197    0.8356    0.6962   0.04251  0.007868  0.001897
     43/49     10.7G   0.02522  0.004728  0.001168   0.03111       253       640    0.9519    0.7463    0.8899    0.6875   0.04112  0.008091  0.001683
     44/49     10.7G   0.02554  0.004722  0.001001   0.03126       218       640    0.9341    0.8966     0.925    0.7982   0.03643  0.008536  0.001521
     45/49     10.7G   0.02209  0.004349 0.0008395   0.02728       293       640    0.8389    0.8532    0.8991    0.7422   0.03219   0.00911  0.001414
     46/49     10.7G   0.02363  0.005013 0.0006765   0.02932       236       640       0.9    0.8422    0.9138    0.7569   0.03166  0.009276  0.001425
     47/49     10.7G   0.02333  0.004527  0.000634   0.02849       299       640    0.8284    0.8587    0.8971     0.769   0.02753  0.009335    0.0015
     48/49     10.7G   0.02212  0.005281 0.0006407   0.02804       210       640    0.8203    0.8621    0.8943    0.7433   0.02693  0.009136  0.001552
     49/49     10.7G   0.02097  0.004736 0.0006529   0.02636       324       640    0.8041    0.8697    0.8979    0.7468   0.02834   0.00863  0.001545
