2 0.176 0.454 0.085 0.108
2 0.214 0.342 0.048 0.058
2 0.223 0.271 0.031 0.033
2 0.254 0.879 0.185 0.233
2 0.31 0.533 0.091 0.142
2 0.287 0.404 0.057 0.075
2 0.288 0.317 0.043 0.058
2 0.268 0.285 0.026 0.037
2 0.565 0.804 0.284 0.383
2 0.384 0.404 0.068 0.083
2 0.358 0.331 0.051 0.062
2 0.339 0.3 0.031 0.05
2 0.544 0.508 0.128 0.158
2 0.477 0.388 0.068 0.075
2 0.418 0.319 0.045 0.054
2 0.385 0.29 0.031 0.037
2 0.362 0.263 0.031 0.033
2 0.426 0.277 0.04 0.046
2 0.976 0.567 0.043 0.1
2 0.589 0.34 0.065 0.062
2 0.484 0.275 0.048 0.05
2 0.284 0.256 0.017 0.029
2 0.315 0.254 0.023 0.033