2 0.173 0.456 0.08 0.113
2 0.274 0.742 0.156 0.317
2 0.274 0.431 0.065 0.113
2 0.266 0.348 0.043 0.046
2 0.636 0.944 0.222 0.104
2 0.398 0.548 0.097 0.196
2 0.369 0.383 0.068 0.1
2 0.338 0.329 0.04 0.05
7 0.31 0.298 0.034 0.037
2 0.851 0.838 0.293 0.317
2 0.577 0.531 0.136 0.163
2 0.482 0.421 0.088 0.108
2 0.453 0.354 0.054 0.058
2 0.426 0.321 0.034 0.042
2 0.392 0.298 0.034 0.037
2 0.935 0.565 0.125 0.146
2 0.7 0.487 0.151 0.133
2 0.467 0.3 0.048 0.058
2 0.577 0.331 0.057 0.054
2 0.536 0.312 0.054 0.05
2 0.483 0.269 0.045 0.037