5 0.183 0.725 0.366 0.542
2 0.287 0.415 0.062 0.087
2 0.264 0.329 0.04 0.058
2 0.23 0.285 0.034 0.046
2 0.274 0.283 0.031 0.033
2 0.317 0.26 0.031 0.037
2 0.339 0.312 0.037 0.05
2 0.338 0.358 0.045 0.058
2 0.386 0.404 0.08 0.117
2 0.616 0.744 0.261 0.362
7 0.811 0.465 0.372 0.312
2 0.364 0.275 0.04 0.042
2 0.409 0.319 0.057 0.062
2 0.464 0.304 0.054 0.058
2 0.524 0.344 0.077 0.079
2 0.597 0.417 0.057 0.092
2 0.581 0.321 0.071 0.092
2 0.494 0.281 0.034 0.046
2 0.464 0.263 0.037 0.042
2 0.379 0.248 0.031 0.029