2 0.085 0.542 0.17 0.133
2 0.207 0.356 0.051 0.054
2 0.224 0.269 0.028 0.037
2 0.31 0.846 0.188 0.3
2 0.287 0.548 0.097 0.138
2 0.287 0.381 0.057 0.087
2 0.274 0.325 0.037 0.05
2 0.251 0.3 0.031 0.042
2 0.286 0.275 0.026 0.033
2 0.432 0.519 0.108 0.138
2 0.391 0.404 0.065 0.092
2 0.358 0.344 0.045 0.054
2 0.325 0.277 0.031 0.037
2 0.702 0.744 0.244 0.338
2 0.557 0.481 0.108 0.121
2 0.463 0.367 0.068 0.067
2 0.406 0.312 0.045 0.05
2 0.376 0.283 0.031 0.033
2 0.349 0.25 0.023 0.025
2 0.5 0.315 0.062 0.062
2 0.589 0.335 0.071 0.062
2 0.484 0.269 0.048 0.046