2 0.526 0.304 0.051 0.05
2 0.449 0.254 0.04 0.05
2 0.301 0.977 0.188 0.054
2 0.286 0.483 0.082 0.15
2 0.281 0.31 0.04 0.054
2 0.216 0.333 0.045 0.058
5 0.239 0.252 0.04 0.062
2 0.57 0.773 0.241 0.338
2 0.402 0.448 0.088 0.129
2 0.351 0.338 0.054 0.05
2 0.334 0.285 0.037 0.046
2 0.318 0.265 0.023 0.029
2 0.906 0.854 0.193 0.3
2 0.457 0.362 0.085 0.1
2 0.398 0.308 0.045 0.042
2 0.368 0.269 0.026 0.037
2 0.719 0.463 0.136 0.133
2 0.605 0.408 0.102 0.108
2 0.544 0.373 0.065 0.079
2 0.908 0.542 0.19 0.158