2 0.124 0.517 0.128 0.15
2 0.266 0.952 0.19 0.096
2 0.276 0.485 0.085 0.138
2 0.27 0.388 0.051 0.067
2 0.389 0.677 0.131 0.296
2 0.379 0.412 0.077 0.108
2 0.339 0.352 0.043 0.062
7 0.298 0.323 0.04 0.054
5 0.3 0.248 0.043 0.062
2 0.903 0.908 0.188 0.175
2 0.636 0.604 0.17 0.208
2 0.503 0.442 0.097 0.133
2 0.464 0.367 0.048 0.05
2 0.438 0.338 0.034 0.042
2 0.399 0.304 0.037 0.042
2 0.957 0.571 0.08 0.133
2 0.713 0.492 0.159 0.133
2 0.503 0.333 0.062 0.058
2 0.575 0.333 0.065 0.067
2 0.54 0.308 0.034 0.033
2 0.482 0.271 0.043 0.033